50 300 1000
409 14
359 24
195 40
587 12
346 17
333 46
386 47
297 46
429 56
151 39
594 44
161 13
396 43
264 14
203 28
516 12
185 34
289 44
344 48
444 44
273 13
196 52
318 34
580 37
468 21
401 52
520 26
286 37
193 29
411 21
253 23
198 50
377 31
225 41
156 37
212 23
482 38
467 15
231 12
210 56
355 48
343 44
243 31
215 29
559 41
406 32
338 17
361 21
204 10
308 56
350 30
426 23
464 49
157 57
222 44
541 60
527 12
247 56
234 52
414 19
484 32
585 59
481 23
410 21
381 57
490 25
256 48
479 40
583 58
198 15
377 21
531 25
327 22
454 51
591 33
310 56
538 49
218 11
464 37
357 10
575 18
151 49
457 59
158 31
404 39
584 51
306 23
514 40
565 49
444 38
396 49
235 50
533 60
165 29
229 56
402 33
266 12
167 60
574 12
411 27
381 59
271 56
373 38
441 51
159 41
556 17
312 42
529 40
152 41
564 28
418 18
407 56
255 43
480 12
562 44
554 52
314 40
278 26
598 16
339 15
446 60
593 38
555 60
508 44
557 50
552 18
205 29
236 28
196 59
343 41
287 37
219 58
352 20
344 51
363 41
184 52
548 28
185 10
399 26
321 12
254 13
516 41
311 16
212 18
156 17
367 48
513 48
323 26
599 43
248 20
434 49
324 41
365 44
476 59
232 12
561 38
236 48
366 44
373 48
492 25
362 51
381 32
408 31
481 53
316 18
591 49
571 33
525 50
324 38
299 46
461 13
345 56
563 31
463 13
555 56
166 18
598 54
235 23
151 49
425 26
575 28
493 34
161 36
490 34
523 32
249 43
558 57
293 25
336 32
519 52
166 43
585 42
446 39
190 59
514 29
224 22
368 10
385 15
547 28
450 54
397 21
332 30
495 31
190 36
459 14
332 20
350 11
220 48
390 15
427 56
328 19
210 33
330 37
496 21
152 41
256 29
379 48
456 12
344 49
475 17
597 60
557 19
399 36
201 23
540 18
369 53
467 47
519 31
286 45
263 52
295 17
568 48
413 49
156 53
187 45
448 26
413 18
210 51
202 21
460 39
469 31
413 34
519 10
310 56
244 26
337 21
364 18
507 29
407 19
417 13
472 22
243 17
418 35
554 16
540 51
592 51
177 37
396 33
209 58
366 32
285 13
184 11
274 57
450 24
493 22
435 52
172 40
342 34
542 19
281 48
350 27
275 26
504 35
254 43
576 19
352 39
529 39
382 60
413 36
384 53
348 35
578 20
455 16
561 20
178 54
511 55
472 54
269 14
464 56
271 49
431 33
351 11
265 10
537 28
542 53
292 52
169 19
197 37
369 30
215 58
342 36
183 57
319 47
466 57
571 26
469 28
236 29
317 23
196 43
202 23
210 34
355 11
586 33
411 29
361 15
197 57
403 44
284 11
241 41
343 46
314 15
285 58
538 10
165 13
203 44
408 44
158 32
169 43
455 40
333 59
444 30
484 13
409 28
200 14
241 50
593 32
184 55
328 23
224 50
225 53
263 43
469 11
438 36
218 37
253 57
235 44
491 26
310 55
256 59
445 43
527 19
546 56
484 20
263 44
460 60
166 25
591 40
277 17
439 36
524 10
486 36
400 31
577 26
568 37
443 44
345 28
187 36
487 27
501 23
420 46
586 19
380 14
313 41
512 54
422 58
167 13
430 48
220 38
203 36
362 18
511 22
258 47
324 58
553 32
152 43
579 19
573 12
479 22
422 49
409 46
566 27
296 59
173 48
357 47
360 55
294 10
438 46
310 60
202 19
392 19
220 14
171 22
515 20
255 26
324 19
440 32
530 59
176 12
168 17
223 26
408 59
264 37
364 30
313 12
194 30
478 35
478 28
570 22
344 26
587 58
471 18
424 48
245 51
209 40
461 29
168 28
266 33
538 33
375 48
570 35
531 35
433 23
157 19
478 55
311 57
304 47
341 40
347 18
572 26
356 26
342 55
488 36
463 15
299 24
369 37
359 57
314 28
474 14
317 30
161 27
427 21
333 16
363 45
432 43
238 24
170 36
376 60
269 30
582 37
194 52
468 42
388 26
413 16
540 39
349 24
190 16
355 36
549 42
547 27
358 30
292 33
173 42
226 42
511 16
316 53
175 49
546 32
473 26
345 37
255 20
561 22
186 40
314 58
251 53
585 31
548 13
214 11
208 48
266 43
266 58
504 14
540 32
399 50
328 56
270 14
371 18
563 56
446 23
509 38
405 32
286 11
519 33
587 20
517 39
475 44
184 33
308 39
552 29
164 31
394 33
443 58
178 19
253 39
306 24
586 56
385 39
372 19
313 59
243 17
205 32
530 31
372 58
534 25
336 54
268 23
459 42
589 16
491 58
390 23
373 24
250 57
577 15
555 49
254 37
388 56
406 42
255 35
553 36
281 49
204 60
570 48
566 54
173 47
490 35
193 25
354 32
276 32
168 47
158 27
261 39
516 56
329 24
338 18
559 36
458 34
415 34
376 30
295 56
195 24
258 59
400 28
269 38
331 12
467 42
494 11
160 19
398 27
286 12
176 41
337 20
581 13
353 17
187 49
158 10
545 50
209 14
175 14
377 26
162 26
428 21
360 33
498 58
406 51
269 53
330 45
323 43
395 26
395 26
485 19
345 58
328 11
518 33
410 58
501 27
298 17
382 43
221 35
353 24
279 56
164 20
514 28
245 35
374 34
253 33
513 53
407 33
206 36
257 51
354 27
574 40
559 46
435 31
577 42
336 20
217 53
465 35
400 37
509 50
528 52
566 38
511 16
514 53
317 12
545 16
316 18
550 20
495 56
199 29
274 39
448 22
570 37
438 21
478 53
426 49
238 44
305 35
443 36
166 33
495 21
430 24
266 41
526 54
401 54
385 47
440 25
265 55
274 21
395 19
501 34
575 12
388 41
398 35
281 37
444 40
400 20
358 20
340 13
452 32
578 53
589 27
264 54
414 29
327 49
300 23
252 18
195 23
335 48
209 36
503 14
363 58
350 49
449 55
550 23
454 21
184 40
600 12
523 35
565 41
516 48
550 13
383 34
432 23
356 29
308 26
263 52
415 45
389 50
467 45
297 58
439 50
580 22
255 51
412 35
335 51
322 49
198 37
541 28
514 23
528 50
265 42
590 11
444 59
586 43
244 56
299 20
598 48
417 38
567 13
497 32
369 38
480 21
365 51
421 58
375 49
467 35
376 35
575 46
152 58
230 15
552 26
499 27
484 12
185 59
386 32
273 60
178 13
371 10
536 14
171 18
267 60
505 14
443 18
527 20
482 25
403 28
154 54
547 21
284 25
504 21
585 27
244 60
411 41
554 18
391 25
510 19
284 45
175 29
291 57
438 18
553 20
456 50
558 43
597 48
311 53
236 16
405 40
470 47
417 38
358 55
546 19
182 43
496 32
538 29
190 12
433 49
452 47
505 28
425 57
357 45
487 14
217 30
427 15
387 37
443 37
345 34
562 51
307 39
423 30
542 48
541 55
284 48
494 23
447 33
430 12
303 35
246 49
462 53
276 43
301 16
302 42
435 55
153 34
256 25
301 51
562 25
521 57
291 50
185 15
216 48
249 11
566 44
538 52
486 51
288 19
518 55
597 22
224 30
447 33
461 37
268 24
334 14
333 59
412 44
224 36
406 43
237 42
345 48
185 12
249 25
250 32
293 20
428 34
164 14
271 40
253 26
340 29
236 44
322 27
248 24
339 42
185 11
187 53
218 58
171 58
463 13
201 35
399 19
369 32
503 44
354 57
288 41
399 41
248 53
578 32
214 49
202 31
565 28
481 27
195 59
184 31
305 53
319 12
302 35
462 37
527 38
521 45
451 50
299 41
563 24
205 39
312 17
466 59
274 46
159 45
539 57
336 30
498 35
336 25
499 12
590 21
435 39
311 23
386 35
431 45
357 21
452 27
466 39
376 42
182 50
486 12
448 46
521 22
495 11
459 12
473 60
316 24
515 60
195 58
263 46
299 34
250 41
589 33
183 27
232 17
490 23
484 58
241 34
590 11
507 16
182 13
591 19
295 45
297 50
267 51
151 39
356 28
567 16
323 15
281 53
248 54
368 58
577 34
492 16
283 34
236 27
198 48
196 38
293 12
384 13
198 25
394 51
360 42
567 20
500 39
322 55
237 38
408 30
366 22
283 49
348 42
558 41
364 44
278 17
374 29
298 35
447 15
290 23
352 32
313 35
507 48
569 10
440 38
545 10
399 46
500 20
576 35
304 22
268 31
451 39
332 51
320 17
210 26
428 26
272 40
483 43
521 40
569 55
461 40
330 30
368 15
568 48
163 33
151 12
263 39
357 52
332 50
458 15
253 44
537 44
336 34
325 39
521 28
500 24
593 55
395 31
306 45
285 33
357 36
535 27
489 32
275 27
457 60
588 29
196 45
507 43
549 29
585 56
304 15
522 48
241 53
589 52
565 24
214 49
385 21
477 41
579 25
246 27
277 41
330 43
599 17
