50 300 10000
200 54
499 17
472 36
545 19
158 29
257 49
372 39
257 26
156 10
439 24
190 33
527 50
557 17
210 39
177 14
158 53
598 14
432 31
255 43
438 59
511 34
418 45
597 31
597 13
471 37
353 33
240 37
446 52
490 25
470 35
203 41
227 11
342 36
561 54
383 44
551 36
370 50
289 44
527 47
236 27
504 23
155 40
451 13
226 60
319 42
191 15
310 54
338 40
365 50
355 29
517 14
232 43
276 36
358 34
212 44
533 49
472 55
500 43
274 47
446 29
180 55
362 52
583 50
585 48
335 37
530 25
308 54
557 32
405 51
192 21
215 17
359 15
323 52
588 45
482 54
451 22
599 39
491 16
194 36
487 14
458 52
297 51
315 10
470 52
282 26
593 53
174 46
585 40
280 59
382 60
207 14
575 53
218 23
208 57
243 12
500 33
353 30
543 42
329 24
472 52
492 44
330 16
181 60
463 33
296 18
558 30
291 32
398 20
429 55
187 29
354 31
464 23
412 56
163 11
182 55
303 18
542 59
242 48
422 11
159 10
176 58
253 19
292 42
310 51
565 55
548 55
422 46
584 60
203 58
551 51
377 40
499 35
307 31
193 17
258 24
343 37
427 37
462 54
378 56
491 18
267 19
375 30
247 40
188 48
169 14
219 33
483 31
255 11
187 40
423 41
285 25
450 44
463 50
201 51
391 58
598 55
161 25
340 60
184 26
169 60
188 32
361 53
419 58
314 12
499 58
452 16
170 34
433 21
379 28
284 35
465 34
517 26
395 53
379 11
465 53
579 47
484 30
330 59
283 53
512 33
445 20
574 13
443 31
544 59
227 22
565 36
232 31
472 30
591 23
266 42
230 42
295 42
381 15
174 29
216 50
447 17
407 45
150 60
213 13
446 51
394 48
506 15
370 40
499 46
217 31
506 52
552 29
314 38
455 28
436 33
436 20
479 45
502 48
331 41
438 21
215 17
211 22
399 27
536 37
231 32
546 59
416 16
214 26
457 25
192 14
366 11
418 23
455 26
402 34
411 22
578 26
331 55
591 20
406 57
574 46
301 27
376 24
501 52
581 53
176 56
557 35
579 47
594 47
578 53
406 54
339 21
522 60
487 54
511 33
172 32
376 56
330 48
532 48
407 55
328 18
221 24
255 14
348 18
216 57
225 36
527 59
595 15
322 20
234 47
385 33
424 44
360 44
220 23
409 22
584 43
227 42
341 44
367 53
384 44
554 60
216 40
430 19
588 17
347 12
487 60
289 57
386 13
260 60
330 27
332 44
567 55
454 31
546 18
511 51
422 50
589 59
239 31
488 34
207 17
300 34
156 14
321 44
549 40
163 55
528 43
580 41
163 51
397 30
395 39
184 43
166 21
215 60
221 52
324 28
368 13
295 46
373 14
234 55
591 44
422 27
231 59
593 32
485 46
288 30
205 40
407 36
472 52
402 25
408 41
189 23
199 28
162 12
547 28
529 56
402 50
324 30
495 13
232 58
596 50
269 21
490 22
272 26
532 41
402 37
377 50
571 51
245 58
240 53
204 21
305 25
361 26
156 40
377 33
282 53
259 48
538 42
524 20
491 26
284 39
596 48
439 43
465 34
473 37
295 32
235 25
203 47
214 57
581 51
217 40
439 40
503 37
258 47
178 37
390 37
584 30
444 14
220 23
226 32
300 45
242 46
458 24
291 37
566 51
234 24
593 26
530 50
274 30
502 18
575 11
580 12
501 24
556 42
281 21
534 44
245 34
429 10
544 11
496 34
151 60
309 16
389 48
223 10
546 31
364 49
453 37
553 60
381 34
435 32
280 31
364 41
371 56
165 39
246 22
301 40
567 54
171 43
318 58
166 51
318 41
517 35
555 36
398 28
321 43
151 49
165 43
437 32
297 57
305 20
160 10
252 15
258 20
302 59
206 33
434 44
508 12
324 41
490 33
169 51
521 26
290 17
154 39
435 36
239 52
593 28
349 13
289 10
351 59
275 42
587 38
572 42
167 45
227 27
317 23
412 33
545 18
326 14
152 41
262 39
498 28
511 17
326 12
470 55
212 35
260 58
174 48
412 12
449 19
397 58
501 55
180 25
569 50
342 48
499 59
268 15
153 39
562 50
360 44
230 23
155 25
322 33
464 41
430 56
494 17
245 52
388 23
189 60
279 18
329 40
333 58
415 40
150 50
508 36
388 47
290 23
254 58
413 21
276 23
206 22
375 36
182 46
302 37
517 58
344 29
349 22
413 17
374 24
530 45
562 56
443 56
326 37
514 59
345 53
329 36
537 21
327 49
562 58
591 28
460 47
252 32
570 53
329 13
178 22
402 51
443 18
424 57
458 60
257 14
193 26
498 47
364 60
219 26
456 44
419 34
441 34
274 37
537 53
327 41
515 44
163 20
296 19
588 51
590 49
394 59
527 58
526 27
243 60
244 60
353 43
493 53
257 31
580 41
504 42
292 23
207 60
489 51
334 28
573 14
530 10
250 19
412 57
517 50
480 47
199 39
525 29
558 45
194 42
435 31
477 55
459 49
565 40
365 60
191 41
595 17
388 56
333 32
360 34
460 19
499 35
337 11
588 32
382 51
232 32
176 11
219 50
194 11
554 29
393 32
343 42
372 25
479 42
383 46
422 18
490 44
460 51
161 34
287 22
157 12
488 30
276 42
259 11
291 25
231 31
203 43
182 54
303 40
394 30
543 47
399 31
506 10
367 33
399 42
205 38
596 57
477 45
532 58
322 35
292 26
321 43
473 41
204 17
166 55
545 26
214 52
477 22
410 32
313 24
417 20
577 33
416 47
265 10
195 24
328 31
416 25
539 33
273 20
367 47
464 43
315 21
272 17
382 25
290 27
212 48
321 14
467 60
226 10
491 43
271 41
551 35
155 52
593 46
303 58
407 28
551 60
414 14
152 45
467 32
217 43
587 19
247 39
501 37
199 39
545 47
487 25
586 16
496 32
160 45
575 32
319 23
464 58
516 50
345 41
463 57
179 13
511 44
171 39
403 46
357 37
370 31
463 12
296 17
511 18
557 38
304 60
449 33
439 44
470 49
544 14
369 31
226 32
453 33
260 43
421 56
467 53
321 18
494 22
477 32
450 27
476 12
276 53
334 32
508 16
495 35
355 35
435 47
190 56
567 35
421 34
427 54
543 11
380 10
254 47
479 34
399 54
265 29
277 19
590 53
186 27
373 26
241 14
439 57
529 52
344 56
240 12
233 29
374 44
517 46
523 16
212 50
234 31
375 39
307 53
253 33
246 24
376 56
495 12
363 25
208 21
437 57
492 60
208 16
558 30
230 18
382 17
336 57
225 16
487 12
431 13
493 56
428 34
512 30
390 31
231 53
197 52
425 49
210 12
558 29
278 20
369 14
554 11
182 29
456 57
526 51
365 24
217 23
153 51
377 18
536 14
319 10
397 15
570 15
590 35
575 42
588 22
153 26
284 39
376 36
248 47
516 10
448 25
333 54
193 38
186 16
404 36
240 15
385 43
452 37
187 51
356 25
246 24
293 56
275 49
251 49
587 12
480 44
488 16
584 18
380 55
240 40
365 40
345 41
437 32
318 54
511 10
309 32
391 10
588 36
482 17
366 38
187 19
268 54
453 40
244 38
235 14
282 30
346 19
351 52
491 47
535 20
504 30
247 27
412 25
563 16
340 33
291 36
199 53
379 10
231 47
217 29
189 22
343 31
435 10
534 40
163 41
466 31
329 32
436 31
593 32
284 18
326 10
588 36
295 59
495 41
445 56
196 44
192 36
197 50
229 33
511 19
305 42
345 39
552 24
589 35
534 56
305 57
597 20
241 59
178 24
437 58
562 26
235 38
331 58
493 33
545 44
252 27
402 47
334 25
493 23
212 22
248 36
295 44
498 48
329 15
587 59
507 50
532 16
465 16
573 14
593 41
231 42
507 24
475 51
329 23
498 26
311 17
476 37
506 47
309 29
286 40
498 41
168 59
556 60
285 50
195 44
585 15
233 14
578 19
553 43
481 50
463 33
527 46
575 12
280 20
449 15
572 47
366 49
397 14
551 21
232 26
226 55
251 20
358 43
311 31
316 24
361 13
340 11
464 59
186 56
244 57
308 35
152 21
527 31
567 60
580 56
482 60
240 49
588 56
261 53
267 59
218 44
432 53
587 21
320 50
416 33
176 53
264 21
211 37
596 20
356 28
346 10
164 24
270 26
335 52
349 37
173 16
288 53
291 42
253 50
346 34
216 32
271 29
412 21
445 46
282 23
243 13
168 23
208 37
160 48
281 42
263 49
276 49
421 14
526 38
432 28
552 53
537 27
289 32
283 44
299 59
332 14
357 29
211 21
479 37
281 33
257 30
305 60
573 52
538 60
414 55
213 60
307 27
260 40
387 54
244 55
421 14
170 36
234 29
260 45
230 32
206 18
532 46
364 39
551 39
343 31
378 41
286 38
329 11
248 20
493 21
269 39
433 29
280 31
594 19
178 13
473 28
371 20
479 35
510 15
331 50
507 54
588 44
448 49
355 31
277 32
187 26
471 39
189 54
340 36
327 17
230 18
212 37
415 49
463 53
259 36
231 32
593 20
397 18
311 41
202 20
555 21
161 16
382 51
250 52
531 12
252 36
564 12
395 34
463 26
452 26
539 50
378 40
438 39
270 48
456 17
387 35
447 22
536 26
422 14
236 60
388 17
196 40
590 13
468 34
469 47
543 28
500 54
258 35
552 50
466 17
363 24
187 34
400 17
516 34
184 25
457 35
157 42
179 58
510 25
554 55
488 38
362 53
468 43
541 28
270 48
217 58
224 24
460 17
398 23
216 36
408 25
439 12
179 12
202 25
292 56
376 34
558 20
293 50
556 11
564 35
267 56
297 35
287 15
351 45
192 42
215 41
272 39
185 23
489 17
534 31
243 17
508 27
310 40
271 37
518 24
385 22
158 57
563 43
422 22
223 23
565 18
255 52
544 59
596 20
388 42
510 39
352 47
509 24
531 56
598 33
519 40
427 27
180 15
438 56
197 57
532 13
382 30
219 44
313 26
380 51
449 33
560 54
261 44
558 44
314 49
513 46
226 58
277 55
323 48
377 27
517 46
419 36
165 40
162 12
323 19
539 39
515 48
562 13
445 59
475 13
213 56
421 50
520 32
217 26
506 58
497 49
183 42
485 12
520 39
431 39
186 34
537 31
480 24
478 59
233 56
151 51
208 28
510 58
153 34
468 10
335 44
441 25
476 60
372 20
382 23
550 13
510 51
324 39
592 51
559 39
202 50
214 41
254 20
362 52
559 51
564 39
179 23
450 22
221 55
215 37
415 60
456 18
444 44
337 18
201 40
571 57
526 14
501 34
336 26
232 16
417 41
235 31
489 28
302 24
381 22
463 11
361 38
515 46
421 13
341 12
273 25
493 59
187 25
153 11
330 15
308 26
537 20
177 45
429 30
419 15
501 16
152 31
485 14
579 60
272 46
452 16
282 12
564 18
202 42
574 53
301 28
303 35
226 15
435 12
440 26
275 14
183 21
309 15
283 34
582 32
196 51
266 56
294 60
393 37
168 19
341 12
199 60
370 38
477 18
374 30
501 51
304 13
400 60
459 51
161 15
429 13
556 36
259 52
293 52
393 52
171 38
544 30
561 17
533 24
189 27
487 40
212 50
545 55
343 50
482 37
247 46
181 21
406 30
408 15
355 35
371 25
563 41
391 33
229 35
597 12
559 17
203 37
453 35
570 37
491 38
470 54
422 12
577 36
233 51
336 48
476 16
533 50
570 12
216 17
528 17
273 18
475 15
597 12
461 56
418 15
514 59
333 19
548 31
511 21
332 54
370 24
161 20
190 29
432 16
363 49
383 19
591 29
495 25
211 57
327 42
250 11
461 35
537 38
231 16
377 52
386 15
559 23
248 20
246 24
372 29
470 19
525 27
480 35
246 52
357 16
179 52
374 47
316 10
198 22
364 43
254 49
517 47
539 30
485 40
410 56
493 40
448 46
315 59
321 17
167 57
295 14
216 53
208 30
402 19
435 11
247 58
382 49
281 30
429 15
205 41
402 46
352 17
332 58
482 36
464 34
205 11
217 48
539 24
305 56
417 50
473 27
514 42
517 28
335 54
402 46
469 27
343 56
210 49
381 15
405 45
482 26
445 10
354 19
324 50
597 10
474 31
382 47
289 38
363 47
319 24
393 60
240 30
196 51
303 53
162 11
545 38
426 47
505 27
523 12
588 20
206 16
327 56
343 25
197 11
248 49
500 33
315 26
236 47
404 58
424 11
217 31
335 28
545 18
356 51
431 18
497 12
308 10
502 52
315 38
529 25
163 15
184 54
163 13
549 37
396 32
560 30
288 40
287 33
596 39
591 11
202 52
180 31
264 59
300 36
164 29
230 19
313 49
528 26
293 19
508 58
253 47
212 49
184 19
291 48
464 50
180 45
183 44
184 40
376 24
485 15
492 30
487 18
339 10
447 24
199 14
295 21
425 59
354 56
238 42
365 40
571 19
332 24
417 42
529 14
334 23
319 53
537 54
359 36
419 60
301 27
352 15
378 25
337 41
355 29
533 11
443 59
376 56
455 21
466 51
297 27
568 48
403 41
477 54
508 23
499 30
371 59
523 54
192 15
600 50
508 13
516 35
364 54
429 21
272 48
157 35
398 39
513 44
253 50
276 10
369 17
267 59
478 21
311 45
494 32
386 20
343 10
327 32
428 40
520 50
412 48
339 54
473 51
440 30
598 25
247 45
417 48
438 40
316 54
533 12
506 14
586 17
463 49
488 42
572 51
292 10
486 32
186 16
585 33
237 38
385 26
300 48
579 31
178 36
309 58
341 48
495 31
473 38
587 41
439 10
265 48
291 60
329 50
412 38
384 39
299 46
234 23
237 49
357 31
551 59
430 33
554 26
295 48
319 19
181 23
520 13
202 23
303 23
182 32
413 29
460 37
304 33
503 58
551 24
492 50
590 16
294 39
352 31
600 34
482 52
462 35
486 28
266 50
178 10
252 14
277 29
238 31
318 13
344 55
350 10
459 47
465 36
300 42
305 55
422 15
493 15
471 10
568 55
560 23
377 54
462 50
482 48
482 25
408 33
407 38
472 47
492 49
455 22
194 17
337 22
258 48
185 39
451 30
222 29
309 16
341 28
329 42
204 33
288 29
274 58
577 27
451 60
600 30
223 12
549 17
555 46
375 39
251 18
313 49
551 31
385 50
378 27
183 30
382 50
172 18
542 20
489 29
574 54
388 39
559 41
550 55
319 59
380 32
327 58
429 46
499 11
303 23
214 56
336 29
497 15
322 44
211 44
303 10
443 58
353 32
408 46
248 13
266 25
261 27
512 13
382 10
397 41
185 60
448 23
406 45
444 28
469 31
202 28
251 42
427 30
554 14
284 55
368 59
517 14
404 56
228 52
260 31
570 25
297 58
448 53
430 45
451 56
574 23
252 11
419 19
529 36
463 37
599 34
556 25
252 18
198 49
290 24
276 18
452 20
534 32
416 48
579 32
229 11
498 26
588 28
427 45
337 31
225 42
381 58
258 25
269 11
277 43
480 47
546 28
272 33
360 59
399 46
324 49
306 50
448 30
577 39
548 11
318 10
579 17
461 39
284 42
415 11
251 19
567 42
312 60
538 15
496 11
191 27
351 37
283 53
564 51
591 57
212 56
445 60
516 29
419 19
467 15
263 42
285 47
232 34
249 45
288 50
434 32
470 10
366 44
182 27
509 22
176 34
359 58
197 45
570 26
199 53
550 50
318 11
338 38
330 25
203 24
327 13
543 25
425 55
190 42
430 28
331 51
250 18
416 34
287 60
232 32
453 56
320 26
340 23
563 31
241 27
185 48
359 18
339 18
544 42
437 37
579 46
300 19
566 48
583 45
264 36
323 25
335 51
412 47
227 31
162 35
458 46
402 53
272 40
474 13
173 36
158 16
400 30
386 60
474 55
454 55
262 11
179 50
210 32
449 45
454 52
571 39
397 29
203 12
303 37
312 15
371 21
491 57
378 32
600 38
546 32
477 60
258 11
289 25
368 18
345 22
179 18
173 18
506 42
579 39
214 35
496 60
412 40
252 38
169 40
296 51
471 54
365 12
343 39
154 40
392 12
473 49
492 19
302 59
483 54
366 54
193 31
598 29
550 50
163 34
356 12
460 40
541 17
585 12
578 43
236 27
320 42
426 53
354 41
579 10
482 49
597 12
321 22
397 36
180 47
447 20
178 54
175 53
581 20
308 14
480 30
489 17
444 45
517 50
344 22
366 32
270 16
504 36
172 51
507 13
295 40
407 33
420 55
281 14
419 10
163 18
330 56
202 52
399 11
523 22
454 40
424 29
310 28
456 38
206 26
228 46
456 45
352 45
218 49
461 46
194 45
401 20
568 23
589 20
593 24
325 33
272 41
171 26
280 48
454 45
522 36
342 44
466 33
534 35
399 42
416 11
350 60
522 41
253 17
582 41
227 45
334 18
243 27
183 47
567 24
276 12
348 31
518 59
163 11
523 54
371 26
577 29
228 26
564 35
341 14
435 36
530 48
350 34
552 19
181 29
532 31
300 44
378 18
202 23
373 30
177 40
600 30
535 54
526 13
388 41
198 27
555 33
272 59
443 26
310 25
594 20
230 45
386 42
214 12
453 55
285 14
303 27
347 57
444 56
155 34
502 24
499 39
201 17
564 22
366 53
267 59
312 56
436 58
286 31
377 58
248 19
483 35
162 46
364 45
291 53
553 14
555 44
263 10
200 11
368 59
446 17
446 59
570 16
505 11
525 14
363 32
247 20
539 28
160 29
283 25
176 17
450 46
366 55
180 59
335 56
376 13
221 13
597 57
444 31
437 57
287 33
588 48
208 35
208 22
197 57
159 15
436 50
382 26
590 21
453 55
401 55
499 45
170 37
453 37
158 44
599 29
155 17
395 55
592 41
294 25
575 19
168 16
526 57
455 48
310 53
424 40
451 43
394 16
557 47
192 28
415 53
470 26
479 54
161 32
183 33
216 23
532 50
378 12
561 57
504 25
223 19
301 54
278 43
333 59
334 22
162 34
466 52
242 26
359 30
417 29
467 49
313 16
151 40
272 23
549 29
422 54
552 59
205 13
441 23
401 13
234 26
430 12
585 36
437 44
560 27
502 52
323 34
498 35
329 10
252 25
247 57
579 47
434 45
282 38
553 34
555 24
212 41
296 15
411 37
179 13
530 55
254 34
272 26
390 26
169 23
261 52
151 36
417 50
372 36
159 55
427 56
228 45
250 26
501 54
403 47
192 10
389 35
521 31
309 17
166 46
569 55
536 31
159 30
424 41
241 27
191 58
376 54
357 47
439 16
180 34
417 43
225 53
537 21
526 50
174 27
453 25
244 20
217 30
225 38
453 22
189 34
502 18
216 32
545 17
593 22
501 31
377 59
521 34
371 32
319 13
197 60
284 39
165 50
572 18
480 35
183 22
256 28
151 51
527 34
341 42
326 23
259 43
437 31
407 29
555 56
379 21
194 49
513 34
186 48
474 15
186 49
336 35
198 11
359 29
447 20
218 19
176 14
368 48
322 59
263 59
511 42
414 60
516 27
501 60
379 42
183 25
241 57
256 16
508 50
336 58
515 51
440 21
404 48
344 57
261 46
470 14
476 25
406 23
409 16
304 10
420 55
472 18
512 59
407 34
570 27
450 45
592 28
529 55
282 24
595 20
354 36
461 55
295 20
201 13
482 34
440 25
592 20
441 19
557 50
478 45
329 39
304 33
174 53
153 59
575 40
531 52
312 58
313 16
369 40
377 29
357 18
156 47
306 60
473 56
250 45
321 43
585 50
489 24
426 32
446 22
577 47
508 10
547 47
545 23
338 55
514 22
376 57
275 52
540 43
198 22
529 13
403 46
598 58
499 35
313 35
173 47
410 55
516 34
568 35
584 17
461 12
175 40
545 35
268 13
173 33
313 32
301 41
511 57
199 54
502 16
245 36
424 36
160 11
476 30
475 35
404 26
488 15
323 36
350 49
196 42
435 26
186 22
375 33
202 54
460 17
305 31
527 11
496 48
403 39
297 53
457 44
594 43
472 11
414 33
304 21
479 58
578 41
237 20
210 28
227 56
248 59
255 44
575 33
429 14
570 59
584 39
466 40
564 14
588 23
492 15
586 12
271 52
227 20
578 41
353 52
461 12
514 53
166 60
545 35
191 57
369 43
408 18
550 22
385 44
498 15
208 39
231 47
205 53
467 32
443 28
534 48
274 45
600 56
551 19
411 55
366 37
465 37
440 52
241 22
562 56
376 17
156 57
376 39
329 37
345 58
497 40
275 18
367 46
215 59
307 13
375 12
325 20
298 16
543 24
452 46
435 47
289 15
542 45
378 22
291 29
594 46
287 41
165 30
252 11
587 16
559 19
208 23
487 20
288 17
544 36
327 24
172 52
485 43
184 18
439 40
351 42
556 34
184 16
519 53
415 17
404 28
349 26
235 32
161 49
430 47
157 52
567 10
328 17
200 45
398 60
478 58
237 11
305 12
237 27
509 13
348 17
600 48
468 44
554 42
215 34
580 45
599 57
561 40
339 31
558 56
544 12
268 22
362 45
167 44
522 18
375 29
493 55
153 53
453 57
292 52
193 10
190 57
442 13
285 30
161 60
284 23
479 21
576 14
243 22
381 24
317 45
509 56
376 50
367 34
245 13
249 56
598 58
194 29
543 47
402 33
318 47
264 35
589 29
258 29
506 48
421 59
297 23
447 53
460 52
436 11
560 35
439 37
465 12
292 57
304 44
224 55
445 11
310 22
217 38
401 37
318 57
226 11
477 53
354 52
595 33
572 29
452 17
429 20
485 55
261 56
556 51
156 50
252 52
488 54
165 45
254 13
575 33
403 40
330 24
458 60
395 14
403 56
201 25
555 46
318 17
590 31
491 47
303 46
288 45
314 34
572 16
289 35
481 29
155 37
340 39
586 51
544 33
573 12
463 30
380 40
258 32
189 28
264 54
375 15
385 26
385 49
396 32
369 41
332 19
563 27
255 21
516 15
499 48
575 13
560 45
232 20
426 45
345 44
360 42
600 35
585 51
553 18
319 23
587 39
280 48
511 13
243 49
163 49
485 17
227 56
412 53
402 15
239 38
476 27
317 54
528 57
347 36
221 37
256 18
573 33
272 13
409 58
281 37
478 33
205 53
261 20
317 21
422 49
279 55
301 55
262 41
474 11
460 40
457 15
167 35
178 18
528 15
558 59
296 38
433 22
169 18
260 45
205 13
516 21
278 48
260 58
397 39
214 56
383 47
456 31
536 31
262 31
600 22
428 44
401 30
366 30
525 14
442 37
211 52
268 45
519 55
229 51
538 18
186 10
258 42
252 34
371 46
419 31
353 12
355 12
237 46
276 18
519 42
590 40
228 48
175 30
302 36
308 34
591 38
450 10
245 60
534 22
178 28
343 34
411 45
452 42
461 45
490 19
384 33
331 31
426 37
488 60
344 38
211 51
534 57
286 50
219 45
157 21
393 59
383 16
298 14
208 42
308 42
198 54
589 42
587 22
520 19
396 54
361 36
407 26
518 45
378 40
486 19
519 26
219 36
518 29
249 22
169 56
454 37
454 37
385 58
359 15
196 40
452 16
170 54
217 10
577 13
557 32
500 41
155 58
328 56
473 54
579 24
221 26
259 14
586 50
583 25
499 13
305 58
166 38
416 13
477 31
498 58
356 54
413 49
569 39
198 31
274 38
181 46
295 27
197 29
570 39
197 33
412 34
481 28
357 32
494 27
224 14
582 55
433 30
251 49
186 59
165 43
517 26
261 43
517 12
465 33
301 16
527 39
243 11
247 31
252 16
501 50
517 47
398 34
224 36
298 50
451 21
557 30
153 21
506 40
250 42
455 24
301 43
219 38
319 29
266 45
392 42
562 51
193 21
433 32
499 60
268 50
548 56
299 26
504 53
524 27
497 59
312 24
425 29
583 21
235 33
492 45
349 50
391 36
365 16
313 21
375 50
588 57
564 23
587 42
200 26
559 53
522 32
189 20
496 15
372 11
156 13
466 47
263 32
294 40
445 52
383 53
363 29
486 19
380 53
332 18
513 17
456 33
198 20
312 11
515 37
189 24
476 23
523 33
447 27
245 22
540 54
568 22
349 39
452 17
256 20
222 52
285 29
170 44
579 36
298 31
562 22
539 25
291 41
490 43
569 14
168 24
568 56
293 44
236 58
429 56
207 19
261 15
316 31
329 39
169 21
593 21
346 55
448 52
513 41
235 20
374 26
252 52
197 28
201 36
576 25
350 44
483 47
409 39
274 26
275 60
352 10
390 14
471 35
326 49
548 14
282 38
375 15
374 15
342 56
511 21
296 15
565 16
570 40
329 28
471 11
430 13
578 27
366 45
557 27
297 28
217 27
202 14
526 39
509 20
446 34
263 42
247 19
202 27
397 41
581 54
256 59
233 10
417 33
252 27
414 27
158 26
364 12
497 49
245 57
552 46
478 48
312 21
321 20
489 35
260 28
263 13
435 43
457 60
600 10
296 44
286 54
399 49
397 18
341 51
565 57
582 46
246 22
365 49
577 43
181 15
338 53
593 28
253 41
566 20
151 24
189 47
418 46
163 36
233 26
520 49
493 30
389 29
415 28
391 28
478 58
436 41
297 14
404 56
384 43
319 36
387 32
469 14
503 20
553 51
207 30
595 60
273 36
320 56
569 36
369 59
235 39
512 23
523 24
150 38
226 14
252 17
511 11
542 56
545 51
353 48
178 49
400 17
416 23
534 25
222 48
447 40
566 52
367 18
163 46
416 18
385 44
478 38
539 51
265 18
321 20
338 16
152 43
443 40
401 14
520 29
202 28
230 17
544 46
185 27
567 16
328 30
387 17
260 16
507 28
482 46
427 15
432 23
372 54
586 42
297 22
430 36
323 40
432 16
570 44
267 36
598 25
243 20
315 27
456 16
218 48
346 13
531 12
328 30
591 57
252 27
497 16
551 28
268 14
334 15
504 42
570 44
250 24
511 17
542 29
200 13
291 41
156 17
164 35
465 60
315 33
249 26
429 43
527 48
339 18
408 54
591 60
579 53
560 30
262 13
384 56
545 48
218 10
209 25
267 19
474 31
236 21
574 54
595 20
484 22
191 47
515 46
296 60
371 52
433 35
172 32
358 51
531 22
182 41
594 43
258 48
544 51
157 55
597 26
321 49
392 45
564 24
342 60
455 30
230 39
294 46
585 16
494 54
270 36
406 52
448 55
469 23
398 31
310 20
178 28
199 43
235 47
262 55
416 20
520 57
208 49
356 52
320 42
371 11
285 32
229 16
246 15
493 12
543 57
261 36
587 53
340 48
447 18
514 22
160 59
596 55
359 48
233 10
586 48
318 57
208 33
277 32
576 50
378 51
469 19
398 19
429 30
349 53
163 40
247 39
386 24
318 15
560 60
170 54
423 41
241 35
157 32
383 50
573 22
508 17
184 44
263 16
244 58
470 19
277 20
306 26
488 28
566 47
446 32
529 50
317 59
486 26
234 51
558 30
401 52
296 43
477 46
538 11
339 22
421 10
561 57
407 43
253 58
501 48
283 17
306 45
292 54
189 31
535 56
175 22
297 37
255 46
461 48
240 48
258 51
330 31
484 42
539 49
594 29
191 26
438 18
271 47
243 33
233 24
413 39
479 42
397 52
312 34
156 37
303 45
540 52
160 21
284 10
453 18
510 25
325 41
525 41
537 41
365 48
572 20
360 18
549 12
593 17
215 13
242 31
442 27
496 42
500 40
508 37
396 48
273 16
316 56
328 18
174 38
323 27
388 10
465 12
322 18
390 23
417 22
509 47
289 12
586 49
302 52
252 12
438 36
585 55
152 12
168 21
571 10
306 53
470 60
356 50
441 30
207 21
571 45
359 32
561 55
375 15
500 41
163 47
336 51
391 30
154 29
355 51
492 19
247 40
382 29
475 60
409 29
171 36
386 50
526 48
257 10
464 39
180 59
366 26
288 49
171 56
281 55
463 30
221 14
391 11
544 50
504 26
558 59
522 26
476 36
598 30
330 60
227 19
302 26
510 53
308 57
259 34
515 30
585 34
224 50
283 56
413 29
595 55
435 51
176 17
561 18
533 48
163 60
329 29
478 23
415 52
376 14
242 26
183 57
288 25
359 12
418 50
181 29
582 10
356 24
531 16
263 55
153 11
280 19
521 58
532 27
151 54
350 15
379 14
508 38
461 35
389 25
213 12
240 40
469 54
473 60
504 12
316 10
468 43
435 40
518 48
346 47
515 52
150 16
557 54
380 53
200 31
561 44
425 50
522 22
365 58
396 31
295 33
483 21
332 12
211 23
460 21
509 35
274 52
257 49
170 41
523 54
579 44
581 25
492 46
353 32
324 50
192 14
440 44
363 13
561 27
377 20
211 59
198 17
547 38
426 57
495 54
546 40
562 54
252 13
291 55
249 48
378 43
365 12
273 33
551 40
314 16
585 27
555 41
500 44
261 11
328 36
190 51
377 55
381 58
455 29
186 10
221 58
463 25
512 44
560 31
440 15
539 27
497 53
494 26
416 59
476 42
271 26
172 38
583 37
537 48
218 32
484 53
443 22
379 58
363 16
386 40
306 13
181 39
246 53
422 30
209 12
373 35
233 18
193 24
241 12
252 43
586 29
510 22
582 47
412 31
174 26
261 17
451 58
349 60
490 56
567 28
297 37
258 32
190 18
232 39
258 46
255 17
373 44
435 51
359 34
359 35
326 31
259 54
416 26
183 20
398 52
368 28
427 33
429 22
168 58
595 28
297 37
575 50
559 32
173 19
589 36
237 53
521 14
211 32
349 13
527 23
232 46
261 30
177 58
213 48
477 33
500 26
254 54
206 44
259 44
193 59
408 40
448 44
183 39
502 25
295 45
476 44
488 44
485 20
485 23
280 28
335 45
230 58
355 24
591 57
475 46
416 52
430 21
182 31
264 40
493 20
159 44
553 27
451 50
155 24
185 55
259 31
211 14
410 60
378 23
285 53
320 50
249 13
564 60
561 56
451 36
230 22
500 28
557 12
180 41
373 11
355 10
228 46
252 29
379 28
480 13
318 52
539 13
496 45
368 28
162 15
223 12
473 57
445 28
524 29
296 34
212 49
419 20
576 12
339 27
188 40
300 26
515 14
459 17
413 49
440 59
392 29
253 18
200 59
186 45
193 57
573 36
353 44
327 35
298 59
215 40
279 19
164 14
298 59
363 19
329 53
318 39
283 38
213 55
244 22
362 59
487 14
386 28
150 17
389 59
250 44
440 37
248 23
203 50
521 12
212 43
209 38
325 19
449 20
515 46
548 39
451 20
261 36
276 21
371 44
544 26
284 30
442 24
434 10
180 20
419 16
396 58
405 30
453 58
270 56
430 32
220 37
262 22
531 16
159 31
579 51
417 35
455 42
490 56
534 43
172 25
432 14
536 20
196 25
281 15
324 59
256 38
598 46
456 53
156 16
582 57
335 52
382 39
266 41
299 43
200 13
165 10
275 29
375 53
226 15
215 35
426 39
495 17
500 55
276 49
493 55
357 11
234 41
230 22
215 20
195 20
584 18
186 37
351 11
286 57
470 10
173 33
438 13
393 58
374 55
334 55
212 52
185 60
466 37
202 24
233 34
226 30
366 36
370 29
518 15
156 14
213 35
534 34
202 22
307 43
437 46
474 45
557 20
203 54
246 55
496 53
205 35
427 10
479 32
290 24
194 23
486 35
183 40
232 16
311 39
372 59
486 19
390 28
432 16
576 33
464 50
571 39
332 37
396 46
414 34
385 33
465 56
238 60
160 26
439 34
439 50
515 51
349 46
492 50
517 22
232 36
216 19
359 23
267 19
575 10
538 44
334 49
560 22
158 47
556 41
375 10
230 16
569 31
486 48
296 10
555 40
343 31
158 30
391 22
551 12
243 28
176 16
192 24
283 28
552 44
410 49
455 59
599 60
508 28
200 60
285 60
222 28
361 14
328 10
590 20
420 12
400 24
308 45
299 14
244 47
394 35
330 37
175 42
591 49
532 30
268 45
313 50
160 20
371 39
445 17
377 10
298 24
192 31
377 29
449 35
519 32
411 57
237 21
232 25
495 16
400 47
276 50
371 35
527 26
416 21
178 10
365 28
450 24
177 36
414 56
223 47
248 49
293 51
481 21
583 11
197 45
446 36
207 39
462 51
425 51
199 24
338 38
590 29
340 47
570 57
512 36
271 11
368 47
544 46
207 45
224 49
436 32
532 13
500 21
523 42
537 49
200 59
250 54
300 14
166 35
529 12
419 15
181 57
483 34
191 38
282 52
280 12
204 59
442 53
354 27
437 50
470 34
195 33
514 31
304 26
370 43
327 31
397 47
179 26
205 18
199 20
346 29
153 48
305 52
233 50
352 45
574 18
229 23
319 22
207 40
280 46
301 11
470 57
430 40
270 60
496 58
577 60
204 60
422 51
383 10
362 23
169 19
299 16
454 44
340 27
299 27
417 49
479 35
367 35
425 28
553 42
211 58
217 47
158 22
430 47
310 26
341 32
326 52
151 34
154 11
439 18
408 10
180 15
563 34
242 47
499 39
211 43
583 23
237 33
332 36
568 23
496 34
578 13
317 10
329 38
166 56
582 39
591 12
417 34
531 22
217 60
544 51
333 20
175 60
389 45
334 10
252 41
257 21
342 38
236 38
156 33
553 16
326 46
547 49
281 34
583 36
316 27
363 13
468 25
589 25
414 12
214 51
463 25
379 17
226 31
377 54
257 33
580 12
312 60
324 59
588 27
172 50
369 54
505 56
571 40
236 22
270 10
313 27
421 39
201 19
504 12
251 32
434 37
584 15
255 34
229 33
499 45
391 21
393 24
199 44
154 18
561 58
288 51
270 43
228 36
210 12
208 52
490 14
569 11
306 55
362 51
507 19
324 51
411 12
369 26
363 58
458 33
415 17
271 50
352 32
376 21
351 20
217 25
435 11
379 39
459 23
284 49
595 48
299 28
582 14
349 25
341 33
334 49
288 45
492 58
234 56
378 30
184 25
443 10
541 57
175 59
453 24
517 31
226 53
444 13
423 17
553 26
417 41
320 41
340 32
275 54
259 57
156 45
520 35
600 25
242 60
537 22
260 55
315 41
377 42
583 19
394 13
241 52
261 53
589 36
278 28
591 55
578 48
258 19
474 20
442 58
233 30
447 13
362 14
372 51
242 20
485 14
340 54
599 59
567 50
526 20
415 45
281 24
431 40
423 51
343 56
436 20
226 21
447 18
164 37
465 57
431 43
520 58
202 40
264 57
298 13
586 45
277 42
154 60
596 26
229 52
431 59
363 60
394 11
399 33
506 23
458 43
582 43
541 23
373 29
599 20
215 41
372 35
456 10
468 32
415 51
228 55
236 60
465 23
523 49
580 57
274 22
400 55
218 44
353 40
511 52
360 14
462 25
322 57
217 25
391 10
426 46
180 24
413 15
249 49
296 36
155 42
504 34
510 33
181 28
250 59
415 23
226 33
261 43
188 26
284 38
344 58
279 20
557 59
570 35
440 12
478 57
288 50
417 21
435 45
511 33
314 59
188 57
544 30
305 41
269 10
417 12
161 13
377 41
205 51
155 41
233 26
582 14
316 47
595 29
215 60
414 34
260 17
483 32
355 48
548 27
403 34
159 43
297 58
233 39
278 33
213 39
207 31
422 15
293 16
454 57
425 37
222 58
288 28
286 22
592 22
527 18
554 33
526 22
568 21
476 16
171 19
512 25
587 28
552 54
277 32
236 56
206 22
309 30
191 13
337 25
310 28
542 11
348 11
556 34
403 32
383 16
582 35
469 56
155 56
218 56
180 23
299 23
413 46
199 10
178 47
504 19
278 56
211 15
314 45
574 17
177 43
526 56
445 43
471 15
360 31
525 60
171 37
262 13
475 51
231 58
515 12
437 37
170 10
381 54
351 28
248 14
541 57
502 59
184 27
385 21
193 46
469 43
561 13
588 30
579 11
538 31
150 11
570 21
564 33
323 33
556 51
267 50
302 22
391 42
571 20
599 39
558 57
244 55
579 20
345 34
512 28
150 41
433 52
356 56
171 10
471 35
440 41
588 36
226 26
163 21
484 13
499 24
258 25
418 12
312 35
360 29
303 16
481 13
530 58
363 42
598 25
336 29
175 59
156 16
355 56
398 48
571 44
447 41
401 56
557 15
469 24
219 45
506 30
296 38
404 52
493 55
255 27
397 55
379 26
338 44
193 24
370 34
269 36
390 42
365 14
592 10
550 57
535 42
354 33
539 59
334 50
527 29
276 41
440 14
278 27
554 11
394 47
365 55
446 49
195 31
584 29
429 29
466 28
457 25
500 22
295 14
393 36
336 31
163 35
473 40
394 55
552 32
217 35
568 37
214 25
222 27
299 42
288 12
416 14
600 36
220 15
197 31
222 50
181 13
377 14
394 42
161 29
371 49
493 14
363 55
448 55
403 28
223 16
166 19
264 30
326 33
565 32
525 16
454 24
417 23
189 44
369 16
540 49
522 37
457 18
432 30
285 22
423 31
178 27
281 10
349 14
297 17
343 46
452 37
216 56
580 53
473 55
164 28
512 57
315 59
444 46
153 19
204 32
380 51
534 40
456 53
506 25
205 17
339 10
219 44
532 56
371 45
592 16
577 26
288 37
355 10
211 59
376 39
264 31
439 21
590 45
461 57
341 17
233 30
163 59
425 35
418 29
365 60
591 22
556 36
245 23
216 29
207 25
524 27
418 50
331 16
600 52
395 56
538 24
486 29
276 11
435 21
378 21
193 49
192 25
464 28
571 51
200 54
469 17
159 18
256 38
515 44
215 40
534 41
357 24
295 44
380 36
332 11
429 29
272 59
305 42
211 27
400 20
229 52
402 29
490 55
375 59
462 29
326 17
319 55
317 40
508 16
568 47
353 19
258 38
463 36
545 49
522 33
498 14
474 24
269 60
322 16
326 23
579 52
170 50
197 22
190 13
259 55
522 26
439 60
208 44
253 29
571 11
577 60
462 25
289 47
183 18
274 56
455 17
454 23
446 13
215 22
442 49
433 37
512 58
543 11
297 21
475 12
417 24
238 31
297 37
339 58
421 50
289 15
230 31
333 26
365 53
187 35
424 15
421 15
515 55
209 36
201 57
555 24
247 45
541 47
448 51
225 40
553 47
337 52
569 41
415 35
319 60
339 17
368 24
480 34
432 16
582 39
423 11
266 57
164 12
388 48
261 55
319 21
156 31
256 45
164 14
153 21
455 23
520 18
532 45
373 39
204 28
525 38
553 44
520 12
179 25
549 55
452 44
383 24
227 18
320 13
372 36
380 38
345 14
537 43
307 11
386 37
429 31
533 44
165 38
447 51
401 16
310 17
393 19
477 23
504 54
483 46
337 33
337 38
303 59
422 20
229 33
587 42
325 44
379 13
403 13
215 39
376 49
425 13
458 39
194 44
515 51
359 48
527 25
235 15
201 32
231 18
475 58
198 54
169 55
380 50
372 55
378 52
366 55
571 10
204 39
585 13
180 45
384 54
557 11
440 35
288 28
498 60
375 52
400 45
204 35
291 41
286 16
276 48
523 49
272 37
241 47
547 37
330 56
380 55
581 21
417 48
167 22
365 37
367 19
518 20
244 52
569 21
579 37
524 19
223 56
332 12
307 32
528 37
198 51
351 22
439 55
340 40
354 56
351 34
301 18
596 43
310 17
223 30
510 28
326 14
526 15
236 28
489 58
544 43
192 11
291 32
215 51
575 25
433 24
461 12
256 41
448 17
348 60
230 58
240 49
383 53
537 49
261 20
476 19
592 48
409 42
569 13
215 33
291 36
576 19
442 55
488 41
159 60
564 40
511 23
241 55
360 49
523 14
527 10
333 59
341 32
303 23
442 13
469 27
549 44
344 38
367 11
397 23
283 57
302 38
324 55
508 36
237 53
237 20
448 60
404 31
454 58
430 45
152 33
273 39
191 36
459 48
277 16
279 51
462 31
438 13
391 23
284 36
507 39
570 28
378 48
249 26
229 11
425 13
579 12
481 50
441 34
476 59
362 21
499 10
591 37
547 29
301 24
196 40
311 49
560 50
181 50
543 38
486 18
350 27
335 31
595 40
385 16
385 54
326 29
200 22
527 45
481 56
357 22
407 39
431 12
238 23
173 20
321 15
198 57
574 20
512 60
559 29
363 51
373 27
420 40
276 18
584 56
304 41
550 10
479 20
210 59
387 13
242 52
411 24
157 20
307 43
214 59
520 26
472 19
539 21
538 42
248 47
448 55
365 44
590 18
397 60
467 33
500 17
305 32
477 33
222 19
358 30
290 23
590 26
531 51
543 36
358 32
576 17
230 46
488 41
314 20
351 34
280 38
513 14
485 20
499 27
380 20
355 52
566 48
522 26
545 57
309 44
277 42
185 55
466 25
570 58
163 54
479 30
185 59
559 23
308 10
543 52
261 43
163 34
150 40
231 27
280 12
279 19
260 36
355 54
282 43
446 53
489 15
321 48
400 42
535 14
424 11
224 39
346 36
334 59
375 10
598 53
171 54
309 14
384 32
303 41
276 40
517 23
529 42
600 43
543 36
270 37
450 53
213 22
213 54
515 58
407 15
535 54
502 47
193 50
502 21
158 17
303 18
527 31
195 41
474 13
229 42
231 28
403 39
210 36
558 51
507 20
596 38
273 45
385 22
287 31
234 50
468 14
317 50
480 28
507 45
296 28
249 17
346 53
519 40
470 35
385 54
362 52
217 11
549 45
407 55
437 57
297 55
444 46
505 44
546 29
336 11
369 17
254 17
286 14
524 43
475 53
523 20
251 30
154 43
404 20
297 29
598 28
265 19
518 18
283 48
278 59
534 49
171 53
433 47
371 38
441 59
306 50
342 50
229 54
205 46
462 50
593 12
551 33
507 22
564 53
425 56
587 23
159 48
161 54
447 28
483 25
418 59
295 32
581 10
217 38
473 45
441 42
291 12
482 20
260 47
376 24
469 54
266 35
213 32
193 53
427 12
268 34
441 42
526 27
407 36
321 55
249 40
289 14
570 24
354 58
233 21
491 30
419 58
587 20
487 33
565 58
322 10
164 40
486 59
260 28
223 17
498 55
422 53
201 42
349 14
176 39
174 19
356 50
421 23
350 25
582 27
163 35
541 38
344 28
366 23
295 21
324 36
533 49
530 51
326 48
444 48
439 34
264 37
247 48
226 59
201 10
465 22
398 32
261 24
284 45
484 40
471 11
336 60
291 24
278 43
370 59
407 53
347 55
426 55
449 55
437 21
499 16
278 34
181 11
404 27
366 35
258 50
277 33
456 46
214 57
348 26
194 42
531 34
554 17
482 31
322 48
553 30
496 46
448 47
521 35
545 56
321 26
456 13
436 28
223 44
582 57
574 30
158 54
364 51
362 43
358 40
302 31
453 18
557 14
275 45
177 43
200 19
499 41
509 39
293 32
352 19
216 29
313 24
484 58
459 48
309 29
530 16
397 26
592 19
192 58
444 11
283 14
482 36
216 35
225 53
367 44
330 40
333 19
365 39
530 25
327 58
522 29
161 41
494 39
342 21
297 17
195 18
177 19
249 25
344 16
159 24
222 53
327 22
221 29
201 60
435 19
299 40
307 55
207 16
312 52
508 56
400 26
289 25
368 27
273 35
348 52
376 44
469 15
572 39
369 39
299 45
322 35
523 46
536 47
320 40
424 11
563 18
397 45
526 49
238 56
468 49
415 29
433 31
272 22
354 21
276 20
457 35
155 58
600 34
537 17
313 56
273 33
596 36
349 11
315 39
592 23
205 43
233 11
561 48
364 47
217 22
290 56
168 22
384 49
457 19
191 29
383 58
491 57
579 13
506 19
159 36
238 32
339 49
313 43
443 29
285 35
361 19
163 14
514 16
473 43
549 36
411 35
338 19
488 21
258 29
297 21
293 55
490 30
387 57
370 43
453 33
523 15
434 32
157 30
338 53
591 23
166 20
494 20
409 28
476 53
268 50
491 53
540 15
422 51
331 35
445 29
346 53
218 56
438 53
598 33
374 57
338 35
245 33
452 53
595 34
212 21
376 30
170 16
310 58
384 29
194 58
215 51
422 57
580 23
441 47
520 38
449 24
266 30
153 58
232 24
561 30
302 26
542 43
395 14
474 55
205 13
191 57
580 22
341 23
532 49
213 25
438 57
300 49
300 21
347 60
323 25
579 15
174 58
205 58
571 48
258 47
229 16
473 13
203 54
320 20
591 35
176 26
258 10
486 23
378 24
291 32
236 11
560 57
445 51
276 22
239 26
199 55
273 32
466 29
485 33
518 45
455 54
152 48
312 59
411 31
306 18
238 11
179 20
528 40
185 51
160 35
598 31
284 24
358 25
235 25
592 46
383 31
279 14
206 25
395 44
409 16
401 19
519 31
347 55
169 42
161 25
157 16
494 48
518 12
170 38
547 60
410 51
225 53
175 10
351 48
229 49
223 21
179 48
233 13
224 56
338 39
311 26
255 13
206 30
364 31
408 11
309 52
358 42
204 46
241 20
395 60
407 47
253 43
464 40
303 41
595 53
535 25
494 11
535 58
482 56
555 20
258 57
392 40
473 51
271 41
360 47
403 46
561 59
291 24
505 58
261 50
514 31
443 40
269 23
578 12
347 30
258 17
470 43
182 52
530 26
263 47
178 27
541 49
457 25
187 60
309 49
308 31
384 30
535 50
287 24
273 27
497 45
446 16
437 33
215 54
184 46
216 16
326 27
530 19
230 13
184 40
592 49
319 35
226 39
411 16
463 37
406 58
171 23
506 58
365 59
317 27
292 17
511 42
196 43
453 51
436 44
548 53
572 10
571 24
162 18
379 46
344 12
477 26
493 41
373 29
453 37
460 49
228 19
522 25
242 28
156 49
488 50
499 56
542 27
467 15
443 46
545 26
455 56
505 12
151 48
333 43
351 43
272 18
514 57
467 13
368 32
271 58
490 44
334 27
404 15
158 23
425 52
300 12
525 53
531 19
189 20
445 22
378 32
233 39
559 30
469 30
388 28
190 15
358 26
564 46
452 54
350 53
383 55
386 57
484 23
338 34
498 55
286 54
293 35
178 56
599 48
303 58
405 60
224 44
461 50
253 53
360 21
240 56
553 38
519 32
464 43
457 35
179 48
483 38
192 29
301 29
455 19
250 60
196 37
545 21
399 48
173 21
198 50
179 17
447 17
421 24
475 43
445 48
458 60
211 50
372 49
199 25
475 31
287 17
298 28
483 27
264 54
228 39
269 47
320 40
329 27
527 55
363 34
182 11
492 12
221 19
519 49
527 11
584 34
311 50
218 11
417 39
510 24
411 59
180 59
208 12
591 25
370 41
458 59
184 33
305 54
566 59
578 14
314 37
314 11
340 58
357 39
158 32
574 35
195 49
323 43
499 41
281 46
411 47
320 34
382 50
457 41
308 34
572 34
321 20
162 58
291 27
559 58
260 60
583 36
425 17
388 46
447 21
238 12
458 41
370 10
413 43
244 30
565 13
545 36
538 39
457 48
323 44
346 13
208 60
151 21
221 12
201 16
239 51
338 47
253 43
218 38
574 53
171 14
431 48
369 50
522 28
426 32
317 44
352 40
512 58
363 55
586 42
373 41
424 40
318 29
164 47
577 15
395 32
511 33
450 22
273 51
382 12
530 36
371 12
406 22
164 31
514 47
352 39
230 40
402 54
364 55
536 24
370 48
568 35
520 38
437 59
216 51
203 11
253 34
524 60
390 38
159 41
484 12
257 59
507 16
209 17
534 48
534 60
150 33
280 18
425 38
243 11
389 41
410 45
517 12
223 14
383 32
488 14
176 36
436 33
529 18
584 20
593 58
590 16
390 10
184 30
553 56
337 21
409 25
234 52
263 54
588 38
386 14
509 28
288 40
507 34
252 40
194 20
360 55
573 24
519 53
463 20
450 24
209 25
402 27
481 33
512 18
325 30
375 20
412 13
232 24
346 18
346 11
576 25
479 26
183 55
483 47
516 31
479 13
495 10
282 12
242 14
522 56
502 30
409 43
426 46
211 41
541 20
393 34
315 55
518 14
481 25
205 40
200 14
538 23
379 47
220 15
221 32
583 30
191 52
355 46
239 12
243 38
317 39
433 54
540 47
569 27
285 36
342 47
325 24
160 58
432 43
175 35
213 25
447 39
278 51
566 27
575 38
333 16
547 10
187 14
159 17
181 41
355 25
600 39
300 36
215 13
197 21
589 45
212 20
508 51
460 20
526 46
272 48
282 54
269 41
570 22
418 16
388 49
191 57
333 29
535 22
394 51
474 59
161 30
341 28
416 46
438 43
246 17
322 40
194 17
423 35
246 15
515 35
265 44
280 44
198 22
570 52
489 18
266 46
378 14
571 53
380 59
442 14
455 47
185 17
571 21
156 42
534 16
229 19
543 20
564 10
278 45
278 55
159 23
159 43
520 37
238 47
321 34
351 59
342 46
274 51
281 15
202 10
595 37
178 31
389 23
485 45
312 38
312 41
236 30
521 50
220 29
488 33
279 31
186 24
381 14
312 35
290 48
448 16
183 28
600 47
317 49
513 28
173 58
272 53
379 35
450 33
301 51
441 43
174 39
451 43
365 49
582 11
495 19
155 50
584 45
515 53
391 48
184 22
385 22
525 16
375 10
151 35
312 33
195 35
335 20
184 33
484 21
518 23
389 34
256 23
522 35
324 48
507 53
272 13
286 26
498 59
448 41
433 22
482 26
251 40
400 43
221 55
397 59
236 25
393 47
225 58
598 41
276 16
302 29
344 32
250 56
253 54
230 39
582 33
295 57
458 13
235 17
574 55
396 41
288 44
224 17
192 36
312 41
590 25
555 43
333 29
311 28
258 57
574 18
194 26
179 24
168 54
270 43
566 58
590 58
213 53
503 47
335 35
582 12
231 57
411 32
412 19
259 24
317 31
320 40
215 20
453 11
442 15
588 34
477 16
561 52
152 43
189 52
208 41
379 36
209 21
466 32
299 27
411 27
542 57
444 25
475 22
407 10
586 57
472 44
571 24
369 35
475 40
248 56
556 27
229 33
555 26
493 43
511 40
427 43
261 32
360 43
435 25
350 29
562 11
160 16
459 49
216 31
333 43
165 48
572 14
151 49
178 25
383 54
209 22
333 10
150 50
270 42
258 28
534 55
582 40
428 43
575 21
329 44
489 33
386 17
476 33
463 16
401 12
496 26
497 10
320 17
188 24
560 11
484 23
430 47
518 37
340 42
285 11
438 49
502 43
591 22
599 53
313 21
216 24
517 44
174 29
430 56
421 27
514 18
458 15
591 50
515 37
192 27
366 60
336 27
203 12
580 44
283 24
155 23
493 51
463 54
577 17
326 11
273 58
406 31
428 32
526 30
409 50
442 46
198 20
499 15
423 56
385 50
258 48
215 40
347 17
231 43
294 47
370 58
343 39
570 59
468 52
279 54
572 57
562 56
323 58
468 50
364 60
208 27
250 30
296 30
454 56
157 46
534 54
483 34
265 27
539 55
157 53
559 47
177 41
191 39
150 27
184 20
249 17
216 43
284 60
349 36
341 41
211 47
549 41
205 35
357 31
394 43
440 58
600 60
598 27
323 44
532 21
528 18
365 14
586 43
167 58
588 38
537 58
566 57
522 60
510 60
544 57
568 32
384 19
396 21
479 28
163 48
192 10
382 37
525 29
282 56
261 47
200 47
290 24
232 31
511 34
517 16
155 23
487 16
481 13
235 43
354 15
583 54
213 50
461 21
431 30
403 52
512 37
459 41
389 38
340 57
297 12
181 24
347 38
237 24
192 28
215 42
344 10
212 17
548 12
406 30
501 35
196 45
281 53
301 17
445 48
194 51
269 18
377 15
183 24
488 20
478 14
368 26
230 29
206 36
231 38
270 42
572 25
444 29
529 27
298 55
177 14
268 44
178 38
251 50
378 21
391 35
289 51
552 35
329 43
166 47
209 51
563 36
298 12
503 12
187 57
497 12
570 53
211 11
487 33
555 18
191 35
540 48
296 46
595 54
529 49
498 50
243 46
472 20
504 19
256 19
458 21
195 32
165 12
217 31
504 19
469 27
327 26
555 47
365 54
276 52
366 55
198 34
471 46
309 55
419 20
385 53
433 10
552 52
471 39
163 22
448 36
500 48
223 48
189 45
223 30
500 51
401 57
553 48
462 45
451 28
297 27
515 58
240 45
568 41
448 34
366 39
371 30
226 29
197 54
517 27
390 44
390 45
495 23
172 43
540 20
238 45
360 39
527 19
506 40
431 58
596 34
260 17
484 29
473 23
511 37
356 35
474 46
150 57
219 22
386 29
255 36
371 11
290 38
260 40
286 51
419 26
270 16
528 13
232 28
507 41
599 56
264 11
261 41
399 60
189 22
577 48
567 13
487 60
177 34
286 29
566 11
476 48
388 39
305 18
464 37
361 52
489 57
179 12
159 18
190 55
507 36
475 55
546 29
354 40
367 47
240 31
204 30
163 56
152 10
362 31
339 27
478 21
433 50
390 37
446 40
375 29
514 23
557 47
199 49
544 34
233 24
320 45
278 57
312 26
437 14
294 12
533 50
373 37
453 26
305 55
154 13
155 44
188 32
486 24
337 28
569 51
233 10
283 47
435 39
219 53
299 18
393 17
285 36
173 47
408 24
167 14
177 57
153 58
172 18
489 55
310 19
449 20
484 51
406 39
474 13
449 10
558 46
192 11
470 58
518 18
542 49
208 58
262 54
273 16
421 21
548 53
151 28
512 39
527 27
505 20
244 35
332 24
281 20
433 31
337 28
406 60
547 13
523 56
399 42
394 53
193 34
509 17
194 26
515 22
448 33
440 35
312 30
150 21
172 43
261 15
192 20
434 29
448 26
281 43
583 25
216 30
243 55
582 16
329 22
488 18
192 16
391 10
211 56
393 42
600 56
453 17
532 36
180 34
370 56
286 20
477 59
515 26
582 50
245 39
364 42
213 32
400 39
299 12
510 24
461 42
154 53
175 19
204 32
235 25
403 49
562 13
436 11
264 58
401 35
210 41
585 52
310 13
193 41
175 31
340 48
418 11
472 43
258 54
213 18
389 12
180 20
472 41
568 58
407 16
188 53
436 34
342 33
494 13
593 22
367 13
567 20
327 20
538 43
515 41
520 55
170 37
537 50
304 26
424 21
507 14
265 53
553 22
398 40
218 29
326 59
285 44
436 60
247 26
491 36
333 40
588 35
388 52
447 42
479 45
461 22
397 52
180 17
319 31
484 57
247 52
576 17
376 34
209 35
392 14
385 45
228 41
583 55
248 59
473 60
263 34
411 29
537 11
331 46
455 28
426 42
516 44
428 21
191 54
157 28
452 39
281 39
465 42
485 19
482 12
221 28
261 45
201 52
168 48
360 48
304 60
260 54
334 42
234 23
259 54
482 46
227 41
461 33
237 40
336 15
527 25
365 55
265 53
559 56
519 50
446 16
588 39
347 59
440 18
431 50
373 40
365 31
547 39
214 39
300 33
472 48
591 16
535 59
440 54
225 15
423 11
370 45
429 43
251 21
575 59
385 11
498 26
419 25
557 18
217 26
488 34
445 39
444 47
321 47
193 21
201 25
432 26
298 51
205 17
269 19
466 26
157 52
547 19
303 59
181 18
173 10
151 10
367 50
428 20
315 58
449 19
339 35
179 46
575 10
420 53
354 40
450 24
443 39
178 20
492 17
564 29
317 24
454 57
351 33
517 35
415 59
387 46
404 40
588 51
497 10
162 32
593 52
313 54
378 22
362 34
547 42
568 30
305 25
455 56
332 48
423 17
395 58
579 13
324 57
483 25
559 41
538 42
160 23
216 60
169 30
174 33
412 49
158 15
419 25
599 14
218 54
272 29
424 21
240 43
521 49
313 54
336 41
587 57
426 18
357 21
366 22
265 14
324 53
229 24
463 42
203 10
392 41
263 53
432 48
467 13
249 51
257 50
578 52
178 31
336 44
312 37
158 32
377 10
367 58
220 34
283 47
552 41
478 52
521 11
205 43
247 42
543 40
532 51
276 10
287 59
477 29
586 21
268 34
231 33
508 36
404 45
396 56
277 15
294 51
164 29
317 27
172 11
214 40
513 49
559 48
242 22
410 20
299 56
165 19
228 22
231 52
221 35
532 10
208 37
576 48
351 25
330 40
348 11
202 58
599 19
386 39
254 32
597 55
336 25
155 18
253 34
404 40
251 19
476 50
593 39
419 33
239 36
308 50
150 50
558 42
457 57
570 34
235 16
456 59
392 52
193 13
304 58
355 15
361 41
592 34
471 22
449 26
568 25
393 11
298 51
352 60
573 49
552 17
448 34
293 53
507 59
505 57
552 52
307 17
494 57
239 44
503 37
160 24
457 21
588 54
508 34
491 41
311 22
379 37
173 58
597 29
396 28
572 14
218 22
364 15
197 39
416 33
262 30
409 59
559 22
495 51
523 46
440 55
197 11
215 12
360 50
531 21
242 25
404 60
175 31
225 37
254 15
174 18
190 14
283 55
193 29
216 32
515 57
214 35
528 25
262 42
418 32
199 25
478 47
526 26
237 14
454 17
190 19
287 22
200 16
520 30
491 46
324 25
430 59
496 47
508 36
460 23
578 58
242 10
230 51
361 31
435 22
351 25
243 39
516 13
494 27
448 54
326 35
544 10
351 26
495 26
305 24
296 35
179 19
192 35
489 54
406 19
442 51
362 46
573 56
324 34
186 10
536 56
284 12
389 15
574 56
519 55
488 20
224 19
179 19
384 19
543 37
406 52
211 47
251 36
246 24
214 41
485 45
298 17
550 29
401 48
448 55
409 26
491 39
591 54
559 34
556 39
486 48
170 15
199 24
421 20
528 52
498 47
359 59
597 40
442 38
355 28
205 39
340 54
240 19
555 53
556 31
259 29
414 20
219 18
207 35
244 32
315 24
456 34
436 50
358 21
224 37
267 15
515 22
267 20
297 35
565 53
247 51
453 57
327 43
553 28
399 24
241 53
560 30
187 51
472 32
238 32
196 37
514 37
235 27
478 40
198 15
278 30
229 53
436 30
396 46
497 54
489 20
569 51
206 23
346 21
192 39
473 14
249 54
567 32
528 54
484 46
480 14
242 12
541 30
176 15
558 38
278 47
361 13
236 29
379 59
526 43
179 25
368 48
554 38
573 32
169 18
379 59
157 44
297 57
403 11
541 20
367 48
440 20
470 57
445 14
235 20
454 36
308 42
317 18
493 52
491 21
505 27
443 14
207 59
457 13
303 58
155 30
447 16
394 55
375 26
445 54
315 30
518 13
221 46
371 43
576 37
244 51
291 10
256 18
537 35
359 54
390 17
476 37
463 34
213 28
153 60
234 48
512 58
471 17
263 35
390 39
445 60
194 40
592 40
349 21
491 37
445 40
281 37
342 52
310 39
507 25
448 39
356 18
446 37
171 25
268 33
537 15
493 56
525 21
489 56
461 23
534 45
566 25
394 51
543 49
317 24
417 12
534 19
329 27
213 46
316 41
598 50
182 58
521 39
585 56
512 59
251 33
444 14
180 34
554 44
442 44
375 51
213 39
335 44
259 12
204 16
508 59
370 37
174 12
490 13
314 22
405 42
314 20
355 24
307 57
543 59
545 34
246 23
221 14
441 27
515 49
182 54
505 22
385 32
257 26
424 59
214 48
184 43
210 49
537 45
254 43
346 13
561 26
238 15
493 15
298 59
190 18
301 25
255 15
439 15
456 16
493 44
520 48
458 49
355 25
405 25
225 47
452 29
365 41
242 12
468 52
247 40
484 49
226 26
529 33
346 56
524 40
202 32
542 37
182 36
419 59
212 36
292 10
245 13
163 56
359 14
555 31
256 14
153 10
463 18
295 33
269 48
281 18
509 50
387 50
545 44
249 14
372 38
336 28
276 31
161 19
338 40
332 20
446 58
498 40
555 18
524 35
259 43
435 54
349 60
263 56
588 33
532 43
167 50
519 33
323 26
278 53
168 10
169 43
180 53
295 35
354 52
374 53
294 35
511 50
530 55
171 33
550 31
409 13
243 26
182 37
225 22
323 21
517 43
255 53
288 42
566 13
519 33
372 59
207 26
567 36
265 21
421 29
304 27
572 60
181 20
475 30
190 36
343 25
249 32
522 49
226 51
365 30
588 37
535 22
385 33
307 23
412 35
221 32
334 60
462 11
359 20
333 54
547 12
358 43
418 45
388 38
214 52
421 45
383 55
187 56
190 48
433 30
463 12
376 41
382 46
338 39
152 14
367 13
354 23
422 43
587 47
590 12
156 17
195 24
437 31
452 60
559 59
317 30
499 30
545 43
222 22
410 15
494 25
198 21
560 54
230 21
403 58
497 46
482 49
280 31
482 44
417 17
423 13
446 24
480 36
475 28
218 23
257 20
467 46
218 37
468 50
444 21
319 19
203 13
340 31
237 58
152 39
188 32
383 45
209 35
298 39
245 34
441 59
556 26
171 13
520 45
177 16
183 25
400 47
372 39
159 43
444 23
410 17
351 36
583 40
491 11
489 18
349 14
280 53
479 53
171 28
525 54
382 10
207 60
561 54
574 41
466 60
451 52
377 37
254 56
534 13
427 16
546 36
381 21
359 53
444 26
424 38
252 56
442 24
240 13
311 32
177 60
439 40
446 45
280 51
159 24
200 13
292 57
465 37
167 28
190 57
353 46
598 37
489 15
597 13
473 19
511 10
155 56
441 28
495 40
514 34
336 15
284 39
211 24
374 39
559 59
596 48
224 17
568 58
350 29
493 16
299 27
186 39
339 48
580 29
373 22
481 10
159 35
443 22
321 54
325 40
163 32
287 46
176 21
353 58
503 36
361 18
243 25
289 34
279 41
419 31
204 54
575 48
417 22
301 30
345 55
181 56
359 33
331 52
287 18
559 15
359 25
450 42
298 42
413 26
317 38
503 11
436 56
438 50
532 57
222 28
349 58
588 15
202 24
359 18
156 27
454 14
415 15
538 47
246 28
195 56
291 28
571 10
363 44
457 11
473 25
524 34
386 22
501 40
595 45
562 10
364 26
195 47
339 42
170 32
522 10
186 26
500 19
396 46
520 57
451 35
220 38
202 47
570 26
313 43
404 15
405 45
524 34
439 18
214 52
243 31
456 23
350 39
202 58
525 37
186 26
346 11
188 26
557 19
522 60
336 11
461 26
397 38
343 10
372 43
377 34
170 52
506 21
327 22
397 58
173 11
442 41
594 36
297 47
270 32
466 53
489 12
423 59
390 47
155 24
578 40
434 51
535 11
278 52
254 36
477 29
509 14
585 56
218 11
380 60
268 11
156 55
449 47
165 26
210 40
406 39
186 40
491 60
433 21
441 31
158 52
390 14
552 60
390 33
481 39
251 34
457 44
446 48
332 42
551 44
254 51
380 25
395 30
329 30
171 51
457 55
518 52
578 45
345 19
392 34
373 48
260 35
372 42
199 15
412 44
568 47
364 19
419 54
590 44
180 36
211 20
303 38
198 46
429 41
523 58
583 10
529 58
319 41
492 22
441 10
447 39
157 35
483 31
218 17
278 18
289 18
498 27
244 21
444 13
280 34
199 40
240 31
511 23
180 40
236 60
471 52
264 42
311 39
263 11
174 12
456 15
312 42
259 37
529 11
229 46
182 43
582 59
574 30
367 21
290 39
391 22
199 43
344 53
529 10
333 23
216 60
350 42
505 32
573 21
395 38
390 12
286 23
485 26
162 53
581 49
363 22
406 37
358 49
494 59
540 17
158 47
382 27
364 27
593 40
452 33
181 36
278 12
189 20
169 24
580 32
453 47
162 44
151 16
420 17
451 39
458 26
161 14
183 44
182 23
386 46
172 15
229 32
175 47
251 56
165 10
421 43
560 27
173 37
503 29
491 19
350 19
390 22
515 54
302 53
393 11
547 43
343 33
237 35
255 48
314 29
202 32
488 12
288 34
467 30
261 53
537 28
549 53
399 17
444 33
407 10
273 32
216 58
377 37
500 26
182 10
216 15
567 59
181 10
524 36
159 53
589 54
509 53
241 20
372 43
171 14
204 31
537 58
509 17
485 11
528 40
318 23
405 47
195 27
582 35
544 18
259 54
160 59
455 42
497 14
184 45
387 53
409 28
414 46
496 21
220 55
537 59
405 51
263 13
594 11
349 59
251 45
392 24
167 53
426 59
167 60
424 35
273 11
328 49
477 46
433 21
599 49
552 48
416 58
418 57
592 22
554 16
215 54
195 34
422 18
599 54
472 17
574 60
225 55
303 43
450 38
421 31
491 49
543 41
198 36
151 57
183 45
296 37
196 14
167 43
358 43
213 25
273 27
192 13
298 39
324 31
161 20
433 10
195 53
383 42
433 19
582 55
304 51
295 43
190 38
407 59
587 45
591 44
157 38
348 15
465 14
418 22
184 42
311 25
486 56
448 44
369 60
558 26
407 20
248 13
415 12
352 59
569 10
205 54
162 44
409 45
434 28
524 11
381 17
521 44
570 55
171 30
394 20
407 16
411 31
187 17
233 50
418 41
458 22
449 46
597 20
396 35
318 36
493 30
545 37
539 41
337 47
249 33
244 15
231 14
358 30
435 17
558 34
548 15
320 26
168 51
356 28
176 15
228 20
452 57
276 57
512 39
390 45
274 34
490 14
293 13
525 32
226 17
237 36
244 58
353 22
597 18
215 21
465 17
267 38
361 14
505 46
539 42
201 18
435 18
281 29
186 17
284 41
575 11
280 53
261 51
567 17
469 45
233 60
587 11
544 31
203 50
480 46
153 34
260 40
447 40
563 25
431 38
243 40
451 53
362 53
331 23
358 12
573 45
258 55
458 25
191 20
492 10
218 29
582 55
272 19
448 28
427 36
282 12
562 34
393 14
310 19
449 11
538 36
260 28
435 10
209 43
229 17
271 10
516 20
445 28
252 24
360 24
321 16
317 28
496 46
156 31
399 54
576 28
181 59
493 25
409 36
190 44
469 40
347 30
167 20
390 60
467 50
190 41
170 24
210 52
486 56
372 50
427 45
406 38
199 27
264 21
384 32
544 10
379 37
255 52
373 17
274 23
383 19
288 55
455 53
195 14
553 41
248 40
416 17
363 59
399 25
555 19
566 50
437 18
459 34
445 50
349 31
379 45
278 21
596 58
283 11
170 49
541 11
493 11
291 36
150 26
379 11
362 18
294 60
435 34
179 13
394 14
181 18
255 53
576 36
164 26
414 35
491 13
456 27
202 43
295 48
349 20
452 46
589 35
598 18
509 56
331 47
509 48
273 41
248 24
455 39
424 14
416 27
326 52
486 34
372 45
510 28
353 15
423 57
274 29
349 16
594 55
427 33
354 18
167 11
568 43
286 17
437 18
150 15
351 19
398 14
539 15
383 37
155 17
242 37
287 35
449 47
325 46
168 41
574 22
416 16
465 51
273 23
322 16
283 50
589 20
570 11
232 59
376 51
446 29
201 11
443 22
527 40
558 39
397 10
358 27
532 60
596 35
161 50
295 40
405 39
194 42
331 13
175 43
505 23
336 37
280 53
379 37
419 34
529 39
166 31
349 51
379 37
556 41
191 18
295 19
206 51
351 11
289 36
446 34
296 41
398 29
454 60
173 20
410 55
214 22
370 46
500 25
321 43
161 60
551 41
194 55
178 51
434 52
551 47
580 52
216 35
366 45
470 45
160 15
211 60
399 46
582 45
301 54
269 32
231 15
529 10
468 28
401 43
435 32
260 44
454 37
508 24
178 12
331 10
569 49
277 52
252 17
576 58
584 54
549 38
494 50
248 60
368 31
535 11
209 33
381 31
217 10
253 34
567 21
519 56
479 11
196 57
168 19
514 12
157 35
326 46
598 27
288 43
246 48
364 60
209 16
271 32
225 56
447 53
227 59
273 27
484 41
192 53
394 24
194 11
550 40
507 37
205 29
583 30
426 19
444 36
390 50
341 37
364 57
388 15
327 21
458 59
421 50
599 49
554 24
425 26
185 10
332 14
266 58
154 26
494 45
306 15
367 36
413 56
355 47
489 28
497 41
165 17
242 59
322 44
208 50
387 30
478 26
388 56
202 46
350 15
481 45
180 34
526 44
386 23
225 46
474 49
422 35
223 49
434 56
478 15
458 21
400 49
544 60
456 58
546 22
330 11
179 40
492 27
174 56
457 14
424 38
356 57
338 48
292 54
270 53
288 42
449 18
204 54
430 18
441 46
339 57
164 22
543 45
155 36
156 12
337 30
210 32
189 49
548 34
344 20
436 43
432 36
535 41
471 50
190 12
505 23
244 19
579 19
415 21
432 37
316 25
253 47
231 43
450 22
333 25
297 19
204 10
159 25
433 16
195 16
308 35
530 14
437 13
395 30
169 48
388 37
386 57
492 17
260 30
359 13
514 27
456 37
564 24
235 42
581 16
186 13
502 55
382 13
216 20
169 16
283 37
554 23
176 25
201 17
551 23
174 15
477 55
315 45
519 12
289 11
335 12
264 52
210 23
162 43
308 18
339 19
495 21
250 16
206 22
193 14
153 17
399 50
375 16
585 35
504 49
178 55
374 21
366 49
514 27
188 47
426 17
242 32
306 20
446 39
236 44
161 24
431 27
420 10
334 48
531 15
433 44
490 26
392 55
600 11
516 14
378 13
576 53
533 10
530 29
555 12
311 15
560 48
539 14
417 32
179 27
384 46
496 40
402 19
452 10
405 26
249 35
260 36
369 19
158 29
343 60
412 53
467 28
449 14
597 51
432 38
571 25
278 58
278 58
229 55
213 13
267 28
357 43
537 22
359 33
156 54
190 21
367 46
567 52
175 54
180 40
182 45
262 60
330 14
185 21
256 20
528 39
244 35
260 37
305 39
208 39
172 31
235 40
582 43
586 55
334 53
187 27
593 10
444 18
352 53
517 56
386 40
282 57
576 54
488 22
390 51
370 44
467 13
270 39
303 32
539 15
540 32
230 49
582 57
544 15
160 10
222 37
227 27
567 42
542 26
224 52
563 12
600 32
440 56
239 32
360 22
428 24
214 48
263 58
162 43
159 29
464 50
202 39
584 18
568 53
599 58
168 36
413 13
265 57
587 24
186 26
493 42
500 57
166 59
368 24
243 31
520 11
458 31
246 25
369 11
425 53
550 50
211 14
177 10
298 41
352 30
422 13
205 29
545 26
568 41
164 35
381 22
430 50
465 44
391 10
223 52
494 28
559 58
195 32
351 45
304 55
496 21
492 15
272 49
375 49
549 29
166 47
299 17
528 55
572 15
575 25
518 57
432 43
279 35
224 20
469 48
185 26
471 57
410 32
295 15
302 48
366 36
313 51
457 52
447 24
549 54
590 19
436 20
420 43
295 11
360 21
299 39
213 20
251 60
224 48
260 46
178 33
288 13
535 47
246 49
313 33
371 49
379 57
356 37
332 54
195 39
391 46
342 10
549 11
556 49
292 43
464 49
530 48
508 10
408 52
188 24
290 54
330 32
361 30
335 17
439 15
445 35
460 34
399 25
547 56
419 60
205 19
268 13
509 48
171 39
531 10
288 18
505 57
314 34
245 30
525 31
388 38
529 34
380 57
209 29
211 25
160 55
478 57
569 48
528 25
247 39
389 53
503 42
259 14
240 26
460 45
400 29
288 58
484 39
279 42
550 11
227 28
195 13
359 43
402 12
525 34
486 10
545 50
296 39
285 20
333 40
336 10
550 14
455 24
424 60
215 48
513 13
526 51
285 35
570 28
302 56
179 16
365 48
421 37
532 40
201 19
510 21
454 56
214 59
573 43
410 49
464 53
526 60
541 27
553 32
594 50
567 42
392 44
199 37
373 46
483 44
380 44
440 34
199 13
387 33
492 11
232 24
442 16
334 53
529 15
487 32
205 52
552 28
577 57
397 25
403 59
281 47
465 39
194 54
271 31
402 10
415 27
491 24
186 11
420 35
266 60
273 47
253 28
553 36
415 11
209 34
178 15
519 36
164 15
537 58
533 45
440 28
467 36
221 25
169 35
247 48
252 18
415 44
532 34
478 53
586 35
385 18
515 16
183 14
579 29
353 29
402 38
485 17
251 12
558 20
412 42
506 35
478 18
164 41
305 12
153 30
405 40
282 28
461 33
475 21
369 53
324 30
463 28
332 60
566 49
534 35
468 31
474 45
428 15
211 49
495 41
385 13
593 26
279 51
158 17
336 11
458 59
241 44
262 13
343 38
499 36
449 21
166 15
330 36
482 37
546 51
560 25
374 25
572 50
254 13
279 47
211 43
320 36
174 46
157 10
295 21
486 53
356 20
208 44
388 56
177 45
310 11
455 47
595 20
179 24
210 42
386 16
175 57
449 51
474 30
483 24
291 46
409 49
239 44
234 39
391 32
412 10
499 43
291 54
348 55
225 41
341 55
597 50
513 54
267 29
303 40
255 11
218 44
162 22
350 37
403 25
432 49
397 53
214 16
326 23
172 25
248 21
562 51
591 48
245 18
575 50
288 46
319 14
157 14
307 40
222 47
578 33
536 25
503 16
276 22
228 25
351 34
381 60
255 13
473 11
350 32
417 33
347 34
415 51
177 59
566 48
550 36
523 40
520 24
333 20
383 31
272 23
263 12
532 21
481 21
404 17
485 41
297 17
424 34
561 28
211 26
539 40
363 53
213 14
557 12
433 45
477 10
351 20
516 43
371 56
327 45
327 18
166 55
372 36
169 10
599 52
584 48
569 43
345 20
418 20
241 43
508 40
308 41
335 55
324 10
521 33
157 44
178 35
202 59
342 25
394 56
400 40
545 60
540 18
153 57
559 49
600 45
331 12
173 10
153 32
351 29
312 26
244 53
187 50
290 55
171 51
243 34
555 38
460 11
489 50
355 36
310 14
252 29
253 51
360 26
460 30
353 10
375 11
186 35
186 36
461 45
458 10
207 25
468 54
295 56
499 17
586 39
496 41
438 27
573 55
486 52
580 37
592 58
431 17
306 56
199 12
375 44
537 51
495 21
354 24
367 60
171 33
224 38
328 51
290 56
593 42
395 41
572 41
156 27
542 33
471 54
452 17
220 34
545 35
477 42
528 44
575 58
167 26
567 50
284 56
592 17
533 30
152 60
317 39
373 35
150 41
198 13
344 43
273 39
510 30
297 28
151 49
448 29
554 40
389 42
161 39
479 26
324 19
458 23
417 13
442 11
388 31
526 12
162 59
588 53
465 11
397 22
250 16
494 45
386 56
421 50
170 46
398 19
431 53
597 60
509 35
177 43
526 56
310 47
581 51
530 10
210 13
575 42
164 11
299 24
292 33
191 16
236 16
584 22
217 46
328 35
458 31
218 43
157 48
444 30
521 31
191 33
545 39
559 41
389 22
289 22
328 29
278 17
376 53
508 44
175 37
506 28
336 43
350 51
386 38
385 51
574 43
574 24
381 43
452 24
567 35
392 36
482 12
457 48
218 39
590 11
448 40
481 46
208 20
356 37
397 33
154 59
238 24
226 33
169 59
169 39
305 42
483 32
512 43
162 17
488 23
389 20
188 39
554 11
340 11
392 19
378 51
554 31
231 58
364 46
517 52
380 24
522 32
470 41
168 40
520 47
272 13
402 12
185 46
529 27
346 49
446 57
231 13
594 25
291 16
518 33
350 29
367 15
572 28
485 53
278 32
531 30
160 39
266 18
198 47
516 51
307 44
377 45
225 52
425 13
490 30
479 15
196 14
206 22
299 37
502 32
496 50
320 30
221 60
414 29
221 32
508 19
317 20
448 30
600 36
184 51
281 58
455 37
201 57
430 49
477 19
205 15
571 52
282 54
493 28
228 21
427 59
312 45
567 36
234 48
313 30
440 41
576 57
498 51
167 22
587 58
463 45
519 25
464 27
348 18
260 15
164 13
265 30
580 23
571 56
216 23
187 24
241 43
479 23
272 29
314 38
472 54
550 12
507 19
255 10
495 21
472 26
284 25
441 33
204 47
232 17
465 15
511 57
323 23
276 28
328 51
397 55
512 44
179 12
547 51
551 14
381 24
594 41
541 13
259 44
237 38
194 31
555 16
412 24
571 43
190 40
247 25
270 19
341 11
168 24
522 36
218 13
275 20
573 40
507 17
484 39
567 58
484 26
556 23
282 45
587 39
199 12
519 48
215 26
392 48
402 22
206 21
521 33
598 19
198 10
226 12
351 29
567 13
387 17
359 31
307 58
450 51
351 53
548 46
205 58
281 44
581 26
181 39
471 29
569 58
565 10
214 58
551 40
348 23
262 23
451 31
321 44
554 40
590 17
504 22
266 47
578 23
319 38
162 11
215 11
516 38
291 20
265 25
539 17
545 14
220 27
294 31
156 18
373 20
180 58
343 55
571 12
167 30
416 37
384 49
545 44
595 20
198 34
348 41
406 27
420 39
236 40
488 45
594 29
530 57
536 37
529 48
378 50
504 59
565 21
544 44
572 36
379 46
269 59
567 12
325 17
447 14
346 10
168 10
451 21
595 49
543 19
261 16
490 45
405 55
574 31
449 11
295 54
215 47
482 15
478 10
208 10
361 46
333 36
191 34
522 27
437 54
393 23
469 11
174 17
404 45
294 57
409 48
258 55
599 27
210 41
405 39
279 51
432 44
351 17
589 12
404 42
167 44
439 42
582 56
450 26
189 37
292 16
400 39
207 56
496 20
389 58
276 49
283 28
513 40
397 34
450 58
286 56
519 32
258 40
172 51
193 10
321 43
292 11
380 48
526 42
159 38
186 34
409 41
300 29
545 43
295 13
446 19
218 46
231 37
555 28
318 29
482 27
272 48
183 57
332 48
234 13
204 48
283 40
485 21
185 43
354 12
338 40
464 16
194 39
214 27
175 33
339 25
585 51
231 18
504 39
526 54
567 43
242 43
461 36
395 22
398 17
442 25
246 44
336 56
265 50
496 35
363 32
247 51
263 47
436 12
205 26
370 46
255 46
213 54
314 21
243 15
185 10
473 31
560 15
226 22
152 53
180 21
464 50
319 36
262 34
358 25
596 41
571 48
150 41
399 59
207 35
400 57
250 45
188 11
388 31
406 52
397 13
558 58
231 34
223 60
202 19
578 22
267 18
250 58
186 41
505 48
342 37
268 42
193 18
180 22
274 37
431 58
449 57
382 35
548 60
547 14
481 56
397 51
234 55
528 49
316 53
174 28
490 60
289 31
199 34
585 14
551 39
575 47
543 25
422 48
178 57
596 33
481 13
339 60
385 55
561 11
423 48
595 15
378 34
454 51
600 40
436 24
271 18
207 58
330 45
209 14
383 46
371 12
250 53
562 60
285 18
531 32
459 12
231 54
283 11
256 27
176 45
373 21
597 37
520 25
244 15
266 23
291 14
418 10
580 37
423 28
506 21
450 22
204 49
296 60
589 27
324 47
559 58
476 13
224 22
224 15
260 59
362 52
205 24
507 25
478 12
216 60
229 12
167 45
361 45
462 20
282 30
344 50
517 57
207 50
269 22
417 43
595 27
219 38
479 20
239 20
312 34
496 47
315 42
360 33
560 40
271 45
267 39
351 60
246 44
171 48
201 41
159 39
153 25
359 17
309 35
587 20
367 55
517 46
362 16
506 46
549 19
442 13
365 22
377 28
298 47
321 10
424 53
576 19
271 19
271 60
313 39
542 43
458 17
235 56
535 32
536 17
463 35
409 21
218 18
373 42
275 37
565 24
202 17
575 12
162 14
595 47
294 18
356 51
395 52
574 10
472 18
457 54
207 23
307 16
262 56
430 45
390 48
180 43
399 19
433 54
239 19
545 28
284 38
229 18
326 33
320 37
557 52
483 20
356 49
551 21
365 50
377 32
548 30
360 55
403 23
363 57
513 60
501 18
188 45
431 41
296 31
574 14
267 15
597 13
561 32
244 49
382 51
357 16
575 23
453 39
554 49
344 17
387 22
494 20
544 53
468 35
212 44
212 31
361 15
160 35
273 26
308 40
233 26
483 31
581 50
600 50
266 29
160 26
279 34
346 25
267 11
308 22
484 21
193 22
268 27
380 42
388 40
258 56
475 26
247 23
572 46
383 46
287 60
306 29
281 40
480 34
440 12
342 21
565 15
282 57
269 16
239 47
591 33
595 50
450 43
514 27
506 38
347 35
413 16
278 50
184 56
240 38
417 19
171 29
318 40
473 56
531 24
429 34
272 60
512 19
219 60
423 34
302 34
257 48
388 32
492 42
477 28
228 60
318 40
275 44
399 26
194 36
539 36
270 37
506 44
175 60
585 51
370 43
476 50
402 45
453 52
331 22
159 16
569 48
400 26
423 50
200 31
506 56
459 50
161 35
234 55
275 45
598 28
258 27
244 21
285 50
196 33
385 32
447 15
359 15
367 17
344 57
541 41
527 25
395 22
551 36
477 45
544 22
150 47
350 31
379 19
360 46
461 25
400 26
410 49
161 46
417 55
456 45
392 34
291 24
442 32
293 59
584 16
390 44
234 12
156 56
347 19
554 19
369 43
469 50
372 22
589 60
221 51
594 36
479 21
491 19
531 53
173 43
241 38
581 33
564 42
573 33
593 34
263 22
398 37
496 32
516 37
484 25
376 59
355 22
569 31
216 15
258 54
324 31
558 20
501 27
455 38
200 29
267 47
478 43
398 28
357 37
482 40
288 38
426 24
302 54
175 17
383 10
301 44
283 32
450 57
596 40
497 56
258 15
379 41
289 29
302 18
379 16
555 56
422 24
531 59
153 51
590 19
397 41
172 42
583 37
406 29
380 37
540 31
355 43
345 21
587 58
405 46
192 53
344 55
458 33
590 31
166 39
276 29
452 13
340 32
320 41
431 31
289 22
352 43
341 15
560 50
177 14
574 55
576 59
492 54
577 22
574 23
239 29
292 51
167 45
420 25
595 48
388 47
420 45
590 56
523 27
477 12
193 29
576 23
372 59
329 47
316 47
341 35
244 25
182 38
379 31
202 23
380 15
539 44
474 60
534 13
499 53
342 27
179 16
319 23
536 44
575 40
365 28
575 12
404 25
258 27
575 22
197 36
580 31
282 50
403 16
478 43
216 60
534 53
580 28
369 20
210 47
363 37
467 53
436 12
246 44
395 12
438 22
311 33
157 10
513 24
276 30
510 51
327 40
358 36
296 48
214 36
426 32
269 33
476 22
202 34
356 15
324 31
222 45
320 60
321 50
519 55
338 33
442 45
320 56
432 30
293 29
387 17
151 55
404 15
216 59
293 24
558 44
504 31
308 50
231 46
499 30
564 26
293 53
517 50
270 53
312 52
504 39
278 45
218 51
330 29
500 13
344 35
513 39
533 37
595 31
403 13
153 29
382 18
571 31
156 11
288 15
317 51
421 18
207 41
439 40
596 32
425 41
406 12
284 57
202 44
196 48
231 50
342 50
387 44
197 17
442 43
182 21
489 42
306 42
151 48
409 33
390 23
357 14
209 39
487 24
390 12
323 46
255 45
358 48
560 18
248 52
373 33
212 25
159 34
193 19
160 16
491 38
590 23
351 23
517 10
369 48
579 57
364 40
479 30
308 56
600 28
361 45
399 48
375 28
501 35
390 10
180 29
509 30
386 55
312 35
517 21
164 43
158 47
294 60
282 51
244 29
495 60
504 55
501 45
351 39
483 56
599 46
336 31
403 22
293 52
308 55
581 50
598 10
250 58
333 49
517 12
218 13
190 26
465 20
408 56
244 29
240 18
277 17
276 51
243 53
446 36
552 59
413 23
355 53
383 16
198 13
413 58
328 46
522 34
466 36
242 45
211 33
349 11
355 43
459 51
404 18
353 45
235 22
421 17
263 28
296 47
213 32
393 24
477 47
408 20
300 16
438 43
296 57
153 20
388 35
296 17
416 24
453 39
469 48
469 26
476 40
219 29
401 21
552 17
186 23
214 42
229 14
561 46
225 32
534 53
195 28
379 52
255 42
406 40
359 20
199 46
263 32
415 30
582 45
274 56
417 17
588 42
356 55
179 36
378 12
561 32
302 44
200 36
488 49
440 19
572 25
341 42
206 19
352 35
301 40
547 54
265 46
162 57
283 11
387 59
243 36
567 16
304 38
525 41
298 21
164 34
338 31
264 27
330 21
380 60
199 56
186 59
370 26
484 60
490 36
347 51
360 54
322 10
411 21
522 21
266 30
433 47
414 22
461 49
233 25
446 58
555 51
433 14
480 49
517 44
271 31
306 59
421 42
222 24
560 26
324 32
562 32
173 15
298 17
378 13
291 19
218 40
240 57
228 29
508 21
294 30
516 36
321 58
377 45
185 45
317 59
336 47
353 27
294 25
179 35
189 30
274 10
157 30
356 18
235 32
377 44
270 33
331 33
298 10
234 26
324 29
526 60
497 32
523 39
395 42
187 22
527 33
292 48
558 51
389 38
496 37
512 40
477 23
244 54
365 41
565 36
281 55
413 15
327 10
234 51
391 41
186 24
446 45
468 56
476 26
198 52
421 18
454 25
465 16
494 47
333 35
369 13
245 40
475 52
548 45
467 57
370 17
441 51
528 53
590 32
370 36
288 39
332 17
553 10
152 33
280 17
398 22
185 31
192 27
349 33
212 12
314 35
284 22
306 40
301 28
377 24
317 16
462 29
350 57
516 37
537 28
228 17
347 34
455 27
258 49
190 36
572 40
344 42
179 11
499 48
512 49
187 28
551 56
406 40
386 16
437 23
345 18
251 39
177 36
231 20
477 37
590 15
492 10
319 34
245 47
224 30
286 27
254 46
367 31
374 42
556 52
549 46
560 20
481 43
422 52
381 33
151 12
391 40
186 53
444 50
406 11
178 30
482 11
575 30
517 60
432 48
357 44
481 39
420 12
465 43
367 14
319 47
310 12
550 45
388 30
236 29
599 41
390 11
570 53
376 55
404 37
217 14
330 43
436 40
394 13
570 55
494 37
364 58
552 45
515 29
387 48
394 48
241 47
396 21
198 39
207 49
370 23
548 37
183 12
582 60
289 38
215 39
302 20
513 51
599 30
380 52
584 45
324 39
515 28
433 42
569 45
379 16
512 56
558 32
370 45
266 54
266 32
384 14
492 19
297 19
492 58
168 34
284 28
563 60
191 32
247 30
231 44
425 48
340 54
398 16
459 48
252 41
201 16
171 34
493 31
513 37
328 46
418 60
264 22
560 50
454 29
473 55
541 58
516 29
157 50
455 17
501 22
566 52
588 13
371 24
408 51
420 57
458 39
518 48
422 46
196 50
272 31
583 43
254 10
306 50
374 26
300 25
402 58
548 16
570 54
176 30
248 11
388 41
325 28
334 58
165 15
440 33
599 11
537 17
238 23
253 38
483 50
411 21
288 11
569 18
386 39
346 60
384 27
164 38
485 16
407 60
396 28
341 28
280 49
413 58
362 56
186 37
355 56
230 48
577 25
211 27
174 40
164 11
275 45
459 19
455 32
440 36
415 29
195 22
475 18
155 60
312 46
161 17
269 36
522 24
410 28
510 11
447 19
203 44
374 17
161 50
302 20
337 37
172 52
175 39
157 21
589 45
336 51
569 39
447 33
452 39
459 47
538 27
450 31
339 32
185 16
403 33
578 40
577 44
220 46
540 58
527 24
266 49
156 55
182 45
504 42
325 27
284 33
418 56
568 37
327 26
321 37
263 29
210 37
406 59
302 27
169 11
171 44
410 16
563 12
275 54
430 54
310 41
431 37
193 59
518 18
375 12
529 28
323 11
418 17
305 30
482 53
403 50
173 47
369 10
241 28
488 10
517 24
430 14
412 12
174 51
187 19
286 41
444 24
329 17
286 42
418 25
519 22
422 56
187 51
422 48
475 54
343 36
308 55
501 24
438 43
226 38
590 28
278 57
594 10
321 40
516 22
283 37
155 55
468 15
303 40
182 37
242 58
264 23
569 41
427 26
243 51
429 42
351 50
587 25
376 55
363 26
447 30
160 31
213 46
275 17
486 33
498 57
489 43
271 10
322 50
347 12
230 54
471 48
526 42
303 13
595 57
453 21
466 43
412 30
302 41
516 44
180 26
414 46
458 50
432 53
537 45
178 60
338 52
162 16
186 31
222 26
505 51
550 35
175 41
419 39
178 14
165 38
586 49
304 39
431 49
576 22
303 27
253 43
320 35
429 60
384 27
490 49
324 56
281 20
441 11
350 52
381 41
463 18
390 22
599 37
318 26
256 16
444 25
595 12
300 20
552 42
238 28
274 23
564 35
173 49
411 36
269 14
509 53
187 29
440 52
462 56
176 33
393 49
390 13
496 45
341 37
585 22
377 22
364 48
226 22
449 47
264 41
210 34
450 44
567 10
567 33
518 29
516 30
535 23
523 35
398 31
332 35
213 59
308 32
232 43
332 30
341 31
533 32
164 10
263 42
569 21
478 44
213 29
157 58
372 29
363 22
351 32
229 17
543 53
253 55
485 29
160 11
234 39
297 46
351 58
448 29
243 16
324 43
367 36
513 28
179 13
437 53
484 17
457 33
344 56
464 27
206 35
163 48
329 17
262 23
489 31
400 25
279 50
177 52
193 48
449 53
458 14
522 49
505 37
488 40
474 52
507 16
329 14
185 57
463 44
213 60
372 12
159 36
195 21
329 18
182 43
232 17
364 18
317 51
581 27
259 23
474 25
514 21
523 29
233 30
383 38
570 57
160 34
191 26
519 51
464 27
221 22
449 19
575 36
475 36
164 33
461 54
377 43
510 13
150 42
243 58
525 58
503 44
209 32
539 16
281 51
303 58
407 37
306 10
300 15
304 52
386 32
467 50
396 38
482 46
404 55
531 36
274 54
297 29
568 55
447 35
397 13
553 43
350 17
462 50
466 32
386 22
444 29
265 36
265 34
520 53
387 42
177 45
505 37
