50 300 150
593 28
382 36
531 49
162 38
241 55
247 36
229 54
185 11
218 35
447 54
344 47
553 48
174 33
189 42
375 35
481 27
213 31
521 41
524 57
457 18
497 36
569 39
582 43
491 11
592 60
325 18
286 54
534 14
423 26
386 54
512 24
458 17
580 39
509 38
509 22
216 20
316 43
491 43
185 40
383 45
155 60
183 38
433 29
172 11
466 49
308 19
316 19
520 32
217 50
568 23
167 33
347 36
384 38
223 56
332 55
264 50
482 39
176 21
509 35
369 16
527 24
417 35
168 43
291 59
526 50
495 53
261 45
585 39
191 15
175 49
465 60
444 24
597 33
598 37
546 29
349 16
422 32
391 52
443 36
519 19
584 36
588 53
553 40
163 52
209 42
569 13
500 42
172 47
323 57
288 13
573 11
440 37
463 49
161 20
318 46
239 31
282 46
243 11
502 28
502 47
480 47
161 23
268 31
564 54
407 53
431 26
168 36
329 30
412 50
386 25
492 41
291 31
578 49
574 41
591 26
433 17
576 20
379 27
344 41
263 45
292 58
555 58
299 30
363 15
259 41
402 20
527 36
425 45
399 21
308 30
387 28
589 55
454 39
485 14
403 35
512 22
203 17
428 42
374 44
175 46
545 48
373 12
473 39
533 17
572 34
450 33
209 43
341 49
223 14
374 22
