50 300 2000
157 56
464 60
309 25
286 46
253 11
199 31
347 59
315 49
299 14
279 41
321 55
476 40
424 54
460 39
469 27
495 49
536 16
174 51
459 58
549 33
306 10
544 50
240 49
205 54
273 32
337 47
418 26
277 36
373 25
420 18
427 50
282 59
554 22
279 25
493 52
265 50
306 22
542 53
311 53
239 54
597 17
290 21
342 32
487 29
410 20
256 31
418 42
386 49
288 41
418 35
172 26
471 31
247 38
222 59
579 28
299 33
277 33
353 30
459 25
413 46
545 42
472 32
199 37
249 38
468 37
313 15
557 60
191 29
302 33
272 51
336 19
557 28
215 10
425 43
540 32
261 36
507 49
454 48
477 50
215 24
278 34
284 36
237 26
419 16
395 55
436 19
209 57
356 22
543 30
166 59
503 32
153 58
357 41
262 57
251 32
531 56
316 49
297 22
543 23
161 41
409 44
497 34
450 37
549 37
461 29
551 33
413 26
465 45
222 55
468 27
447 46
581 42
245 14
179 58
454 56
385 54
188 39
563 37
537 59
280 51
393 27
188 20
500 43
345 30
480 26
277 12
229 11
200 40
223 57
484 45
253 46
598 15
514 26
492 45
593 17
479 41
407 26
203 18
546 24
206 38
511 45
456 30
496 32
551 41
299 20
391 25
196 10
516 11
270 49
321 37
326 23
453 32
324 51
563 40
443 32
574 48
208 14
511 20
415 53
528 44
271 38
415 29
318 41
468 31
599 22
201 60
481 51
600 16
540 31
405 57
207 34
351 22
452 60
413 50
224 34
377 35
498 58
186 53
227 24
453 40
527 46
152 52
210 35
151 30
421 13
156 12
521 51
455 44
558 38
214 36
345 60
516 14
162 32
372 39
439 43
463 20
450 39
250 47
417 49
420 30
487 23
341 31
289 45
343 47
432 42
283 34
224 48
239 26
155 28
290 22
350 14
325 59
588 60
331 59
560 57
589 56
511 37
513 17
436 10
368 37
345 34
192 39
336 22
356 52
275 26
495 51
287 30
261 53
182 23
240 37
201 34
230 55
363 16
508 32
559 52
465 21
434 45
448 43
239 51
324 54
582 33
324 55
279 24
396 36
280 14
345 53
363 20
286 12
415 48
331 26
480 48
220 42
565 47
288 53
398 28
310 12
553 27
549 27
157 52
473 11
181 14
529 23
457 55
420 49
487 38
316 59
234 17
240 31
319 60
326 45
169 47
516 57
519 45
168 33
550 49
520 20
387 43
279 46
380 40
361 16
392 27
378 17
312 39
369 27
390 51
571 33
498 16
564 32
427 57
373 35
521 32
273 53
431 30
540 28
330 34
332 29
189 18
461 18
331 33
273 58
503 18
402 33
197 25
256 15
176 40
217 33
559 59
225 36
441 49
558 55
258 20
448 27
253 24
168 41
568 50
246 40
559 54
548 43
589 39
164 28
325 33
281 50
397 30
166 45
229 46
200 46
410 21
347 12
504 30
507 45
431 32
363 49
271 49
438 29
380 19
480 52
343 14
574 33
181 13
381 26
464 17
283 59
427 41
253 16
393 49
371 34
525 29
283 34
265 49
203 60
488 24
177 53
536 55
415 11
202 48
507 41
451 43
264 18
287 51
445 15
338 14
328 58
365 37
561 60
310 56
213 16
577 34
541 23
262 43
573 16
281 19
298 12
203 52
249 21
567 31
519 58
365 12
569 24
394 58
356 17
176 32
337 38
323 14
504 38
183 58
283 56
394 57
461 20
510 29
171 40
354 36
413 32
458 49
314 29
468 11
194 45
327 47
533 18
538 27
528 22
571 53
568 12
318 14
308 28
238 48
558 32
364 16
533 42
387 16
464 18
236 10
399 31
204 10
527 51
388 36
269 24
420 29
227 60
411 32
484 49
446 13
549 10
447 38
597 15
218 20
412 57
428 27
181 10
554 21
179 52
582 22
303 54
515 36
179 25
383 18
262 49
460 20
550 10
431 21
529 42
270 57
341 46
213 39
595 39
489 43
426 54
470 25
216 22
499 28
159 25
451 60
168 30
216 20
410 56
268 36
519 24
560 52
596 34
160 33
399 32
399 35
155 57
214 32
207 19
586 58
259 23
239 56
449 39
168 60
465 54
428 20
286 22
505 36
189 59
357 56
541 23
322 13
586 39
374 58
551 25
169 17
216 14
387 34
378 29
375 44
362 25
550 17
503 34
209 51
165 31
381 48
265 42
289 34
442 59
187 41
558 43
428 50
426 44
176 23
357 58
390 54
565 33
396 54
342 23
331 53
281 21
392 48
484 57
465 25
284 31
584 22
488 14
204 16
309 43
223 48
438 10
370 16
223 47
415 55
467 52
449 18
401 15
522 37
376 52
368 14
456 45
396 60
364 22
557 56
243 57
306 30
350 44
273 25
423 38
590 22
272 52
227 26
398 39
266 28
301 49
292 32
321 47
151 47
496 56
509 19
598 54
403 53
522 53
328 25
552 58
556 50
221 38
356 14
368 23
457 35
170 19
431 43
568 38
496 12
277 49
344 30
546 53
264 37
191 38
210 34
548 51
568 46
586 45
212 41
398 41
496 36
368 18
200 56
348 33
534 15
280 39
472 27
465 14
501 24
565 10
596 53
337 16
244 57
500 51
346 48
248 10
600 44
321 37
539 38
587 31
514 18
330 25
467 12
291 58
427 23
399 56
520 47
494 48
252 51
466 54
322 52
505 29
392 45
485 54
241 21
306 38
449 56
318 15
266 15
271 14
233 58
230 34
414 42
542 13
155 12
554 21
329 10
574 60
364 23
564 39
229 36
312 41
251 29
498 13
189 21
310 47
382 33
577 44
231 58
417 19
594 19
164 15
312 46
398 22
153 18
463 41
261 15
542 53
496 42
185 56
225 40
388 26
191 26
531 35
377 18
599 23
449 29
365 54
223 35
296 57
406 19
405 17
395 30
451 37
477 19
578 25
401 58
453 57
391 52
367 18
378 13
510 44
225 59
218 40
270 35
362 35
347 44
391 15
463 54
318 36
300 13
493 49
466 31
514 54
291 46
161 43
224 42
162 39
533 15
447 14
594 12
551 20
495 49
199 32
185 43
466 23
319 53
542 24
564 36
183 40
548 49
170 60
527 58
386 40
347 42
550 58
496 31
549 50
563 60
488 31
248 49
239 39
416 42
391 13
265 26
496 38
169 18
225 41
172 24
366 49
400 38
222 12
317 53
407 12
286 34
288 19
495 22
218 34
484 48
168 38
176 19
162 19
564 32
230 38
165 15
476 48
199 48
240 33
304 37
351 39
567 43
424 44
394 32
459 56
564 22
421 15
258 47
466 16
300 56
502 47
493 25
411 60
181 56
327 54
552 35
460 53
454 20
160 22
374 18
366 23
577 14
255 50
246 18
474 38
211 12
530 47
431 18
272 41
235 51
452 14
315 16
600 59
418 27
312 11
178 59
231 11
466 40
528 55
202 50
218 27
361 58
515 14
351 54
160 35
277 30
224 46
238 42
396 22
245 55
553 47
379 43
210 48
571 54
418 47
165 16
268 31
598 35
471 42
334 11
199 56
213 57
591 40
517 23
547 13
483 43
439 30
197 56
438 50
572 33
600 22
170 14
389 19
525 35
327 20
194 56
357 56
357 28
451 58
215 58
551 44
560 16
231 25
507 10
332 48
286 51
598 11
290 55
356 52
369 49
344 55
211 16
189 53
519 50
568 42
218 38
381 36
508 10
224 21
288 12
517 27
178 31
174 24
452 44
329 34
329 14
531 56
245 22
474 26
272 13
327 35
579 38
352 44
246 39
351 37
344 46
395 14
274 11
539 48
350 35
300 28
240 17
292 57
599 35
472 29
483 57
184 58
401 57
303 59
456 23
505 59
600 57
276 52
407 42
548 21
409 55
263 12
213 44
154 41
443 30
421 53
330 34
396 26
494 20
401 32
299 13
494 31
409 30
311 35
502 31
449 51
358 33
296 48
214 32
568 37
523 34
422 32
279 60
570 52
281 27
578 40
201 32
177 46
343 45
273 19
494 32
301 51
344 23
284 39
457 23
358 23
194 30
458 46
415 40
309 44
429 21
473 35
511 12
472 38
577 30
417 20
464 22
294 20
503 21
498 37
556 52
434 10
600 25
537 17
422 20
167 22
588 35
591 50
481 58
265 31
370 11
593 40
561 40
524 58
452 39
537 49
386 47
347 13
464 49
238 39
533 13
563 46
302 56
353 41
289 57
413 30
302 40
397 28
428 12
589 31
344 15
190 46
215 24
362 54
378 46
315 23
305 40
254 56
351 20
535 58
428 15
338 53
206 36
263 13
163 11
150 21
225 37
484 55
210 10
542 35
314 20
589 59
454 34
458 26
389 15
473 17
472 30
351 54
596 56
341 58
406 25
236 47
167 30
306 23
256 59
344 11
380 53
375 29
444 54
556 12
535 49
190 59
487 19
517 50
257 38
295 36
496 32
221 59
327 55
191 24
464 11
242 59
523 16
333 48
282 16
411 52
588 50
476 25
196 27
353 38
249 44
335 29
154 60
241 10
313 15
552 51
309 54
534 36
424 57
490 23
187 56
279 45
545 39
335 41
463 22
586 50
276 35
436 36
424 44
166 47
237 12
200 12
188 42
474 45
417 23
577 24
264 18
354 24
396 19
484 21
383 18
468 57
414 38
314 36
475 32
285 51
245 46
482 42
582 10
265 43
468 31
417 18
289 25
351 24
357 30
231 24
376 37
495 33
596 24
419 29
233 26
155 27
360 41
456 25
259 45
556 11
292 57
349 18
347 27
342 19
522 48
510 50
215 21
170 28
266 47
332 39
278 23
517 59
513 59
495 28
590 48
571 43
239 21
532 55
294 46
313 12
298 29
168 15
351 32
309 36
301 21
437 13
216 43
526 39
384 48
179 57
189 13
512 56
431 27
223 23
366 41
341 43
445 26
299 57
289 13
278 38
281 42
307 43
365 35
411 11
410 28
466 37
479 46
459 39
527 34
172 54
265 58
265 16
193 41
230 24
235 13
309 28
227 20
218 23
524 48
559 32
472 44
530 49
358 20
206 30
406 44
539 32
325 14
395 19
482 27
159 12
255 59
510 34
554 54
479 38
267 42
355 55
477 11
422 21
167 17
277 52
277 39
578 60
446 42
334 46
387 22
272 17
464 52
207 39
458 30
242 54
220 29
335 34
221 55
400 14
449 41
409 41
589 39
272 19
468 13
344 46
267 47
183 55
550 50
343 58
472 46
379 53
436 17
483 21
410 45
304 15
157 46
165 28
279 29
511 60
396 42
493 23
301 39
591 34
567 20
577 21
170 44
366 43
296 37
175 50
571 35
273 54
270 50
520 32
571 51
428 58
465 23
593 38
561 40
231 13
278 26
272 25
333 53
191 30
160 38
598 34
576 41
509 33
167 60
562 48
578 56
355 31
340 31
458 43
491 20
337 30
411 13
543 37
580 18
314 57
457 50
201 10
426 41
514 55
551 60
332 24
178 26
459 53
388 60
576 28
300 34
224 53
223 41
282 44
229 33
415 38
170 11
484 59
346 24
201 58
474 54
231 44
302 41
532 28
532 16
498 49
255 28
563 12
188 21
305 36
495 50
274 18
453 30
250 60
518 35
538 21
256 34
261 37
342 27
406 56
159 22
552 38
279 36
352 26
304 44
214 24
340 20
595 35
269 56
488 34
269 48
303 44
591 17
260 23
576 38
386 59
464 18
200 54
358 30
281 36
451 26
387 31
472 57
306 57
421 35
295 51
351 16
430 23
275 49
533 10
321 35
315 21
156 44
469 27
280 19
392 41
252 40
213 49
404 28
561 40
317 22
253 51
378 24
204 50
583 19
334 54
568 15
398 30
418 57
350 15
275 60
350 18
433 59
308 34
379 39
318 56
267 13
549 12
573 11
599 44
185 58
569 55
507 54
277 15
305 47
366 22
532 38
394 44
311 22
216 38
451 29
240 31
529 20
213 45
414 21
247 37
514 25
542 50
398 32
551 48
545 20
538 36
373 36
340 27
502 60
266 54
382 23
585 31
587 33
406 18
258 20
348 11
407 57
346 27
259 13
554 54
597 45
567 13
585 17
575 28
385 30
375 33
314 51
476 34
355 54
230 21
331 29
598 14
337 46
189 15
154 40
412 60
290 43
540 30
264 13
156 56
307 46
211 55
416 54
151 16
294 12
524 52
551 47
527 57
156 39
390 51
237 29
464 26
284 53
180 57
218 23
262 57
336 12
289 16
547 10
349 10
375 39
586 26
174 41
211 59
543 55
259 52
233 35
582 57
224 17
172 28
280 55
405 47
278 47
360 56
198 35
525 11
211 11
277 38
563 57
484 46
287 42
581 32
561 59
518 33
543 34
584 40
359 29
413 15
321 58
440 33
574 49
576 47
210 46
159 20
199 38
576 17
221 60
243 28
417 22
383 19
465 15
423 38
265 10
213 12
438 55
277 22
223 17
304 47
496 18
508 26
420 13
532 34
405 46
244 52
160 27
342 57
184 26
465 15
563 26
379 36
451 47
317 43
466 17
429 32
284 27
430 17
251 38
196 37
346 38
231 54
376 21
350 43
169 18
267 16
449 16
272 20
306 53
523 17
407 57
290 20
188 58
470 17
587 50
412 22
210 18
420 36
492 15
195 56
311 37
257 30
393 30
518 11
482 50
351 41
470 58
348 35
217 59
160 13
348 54
577 14
478 53
307 34
598 32
378 33
411 57
220 50
203 59
512 26
319 24
281 23
565 10
352 60
216 36
190 58
214 60
589 53
167 58
395 19
480 14
271 41
195 25
239 36
229 20
539 58
286 23
459 46
377 40
527 42
357 49
344 20
151 31
372 44
560 28
224 55
206 53
395 21
392 38
587 43
514 59
402 28
261 51
420 16
340 40
434 12
541 31
517 17
434 20
511 18
163 44
203 42
536 26
202 34
301 50
587 33
460 29
501 60
217 14
270 31
267 44
544 23
595 20
273 52
569 33
270 44
398 12
540 17
380 25
556 47
456 48
556 35
430 18
524 38
222 18
489 58
386 60
496 54
200 12
509 48
325 12
191 57
537 52
340 22
224 18
305 34
272 40
540 60
473 37
452 46
336 24
305 44
158 22
387 59
507 26
553 47
187 13
293 51
333 51
532 50
408 20
154 11
312 21
223 15
441 42
512 46
452 41
244 49
231 45
357 32
579 48
364 41
155 40
524 16
584 28
392 29
516 17
379 60
291 56
312 59
369 26
352 40
505 57
386 36
181 47
548 21
404 51
243 51
575 32
505 12
341 31
265 24
259 18
460 55
346 56
346 10
514 40
227 17
347 55
379 51
508 43
325 53
185 41
150 43
559 40
157 60
457 23
561 27
224 43
474 28
400 33
211 49
395 25
222 28
336 26
593 21
570 19
282 14
156 42
495 41
320 47
390 17
298 28
393 21
456 27
336 32
239 12
287 27
517 17
275 42
457 34
258 28
253 24
249 13
535 33
303 47
467 20
189 17
554 45
263 30
311 21
254 53
545 23
488 19
169 17
554 53
345 23
542 25
411 44
430 41
487 24
303 15
574 42
309 25
303 40
476 24
593 41
497 15
153 55
543 10
176 26
209 11
291 20
237 11
367 56
395 38
599 29
351 40
387 41
501 56
473 41
170 10
559 30
212 36
477 10
211 43
174 38
434 48
221 18
421 17
521 48
363 46
509 16
500 43
336 53
332 35
271 20
241 45
153 16
490 60
444 19
296 15
208 58
231 31
447 18
224 50
206 28
558 19
585 16
342 22
583 47
275 48
286 16
361 36
191 57
313 27
500 41
333 46
436 29
345 25
390 15
578 57
188 32
401 20
425 11
485 14
380 23
319 36
176 56
201 53
241 29
461 56
310 14
179 28
466 17
333 27
548 16
349 15
267 11
290 30
339 60
497 25
512 11
379 11
160 53
223 26
496 23
401 58
195 49
277 12
263 23
331 11
207 48
535 59
223 25
304 60
463 18
547 15
165 10
157 41
556 15
437 21
258 35
390 60
510 53
248 13
282 10
289 11
190 40
410 23
515 19
268 20
437 21
154 24
432 25
277 26
370 31
491 33
249 16
568 17
469 37
221 17
340 55
154 56
248 37
486 59
466 52
592 55
316 10
494 39
411 19
296 53
359 46
402 28
419 45
497 11
543 46
314 60
505 30
368 33
565 45
319 55
211 29
248 12
278 10
273 51
234 21
506 54
446 12
241 59
383 43
155 42
532 35
193 44
224 28
404 32
424 38
559 21
239 58
309 49
435 34
178 27
228 15
469 35
283 36
485 30
595 28
508 33
432 12
448 23
278 16
569 50
585 57
200 48
517 25
533 32
543 52
220 11
165 14
248 54
384 37
589 53
405 55
562 44
466 56
159 44
595 45
162 59
329 44
253 44
283 15
205 50
161 41
463 13
156 30
369 17
414 20
519 36
153 56
508 24
438 10
556 55
547 35
164 29
232 28
600 29
241 51
179 44
150 28
477 14
178 10
155 40
410 17
192 24
301 34
457 42
180 34
276 26
246 31
209 40
447 50
277 50
275 46
436 49
502 60
558 28
495 18
501 16
381 46
363 50
245 53
210 50
466 30
188 38
480 37
432 20
221 42
260 16
326 46
482 25
250 46
181 39
542 24
164 45
324 57
317 15
419 10
395 32
525 44
504 41
216 59
441 47
489 26
577 22
367 59
414 52
307 20
204 50
172 42
170 45
501 14
274 45
446 57
363 46
165 47
429 47
169 39
584 41
306 10
394 14
315 46
507 44
161 50
572 46
218 46
165 17
575 37
291 47
269 46
230 19
354 11
541 45
305 21
372 17
554 26
436 31
466 45
218 51
510 58
187 10
339 55
447 40
350 21
242 51
302 16
413 32
332 15
467 24
344 45
210 36
504 35
278 33
386 58
573 27
433 40
264 28
418 60
407 59
543 40
290 14
559 43
401 24
279 17
188 58
429 56
291 55
557 49
543 55
151 21
388 42
164 19
239 52
