50 300 300
299 56
577 47
381 15
300 48
223 22
236 10
525 31
259 18
289 60
231 59
587 24
388 23
590 11
584 42
597 26
503 37
533 13
201 24
322 48
427 29
408 53
339 45
431 30
335 25
164 35
414 46
516 32
511 42
495 20
592 38
427 59
471 10
295 59
420 48
223 48
272 17
159 33
549 30
274 31
182 51
571 41
476 38
591 12
310 10
507 43
268 48
177 49
331 55
341 21
557 18
167 44
229 46
361 52
426 55
245 36
232 42
274 57
510 39
332 23
363 28
558 25
247 29
469 57
368 28
382 11
403 57
345 55
546 34
164 23
440 42
508 26
361 55
428 19
383 25
412 16
291 39
236 47
178 53
226 57
401 18
388 18
222 47
257 44
295 18
515 15
427 55
157 15
332 15
289 14
173 41
153 46
520 38
281 57
400 11
536 59
455 39
182 17
513 53
509 17
222 14
181 58
559 44
332 55
464 11
495 58
261 21
198 18
376 36
565 24
292 46
439 23
500 16
430 44
318 42
174 37
443 45
451 29
510 28
267 35
363 13
230 50
304 21
429 19
446 26
348 32
252 24
189 44
335 50
282 11
251 49
182 58
257 52
203 33
578 52
256 57
185 28
514 60
216 52
177 47
196 39
197 26
354 33
532 52
193 45
185 11
442 19
184 20
563 39
522 36
471 36
281 42
290 31
171 33
441 50
328 43
597 27
596 53
167 39
595 49
172 56
278 59
504 59
452 46
389 47
478 46
181 44
545 20
352 49
265 28
201 34
405 49
234 14
175 35
178 20
150 19
434 54
521 32
408 11
566 15
259 15
333 30
227 26
439 41
441 38
513 28
474 16
294 27
565 40
550 17
584 22
482 55
484 46
203 14
409 50
499 12
435 31
554 41
276 40
406 51
568 50
555 14
355 44
345 37
256 17
516 49
482 59
372 38
593 12
327 49
443 55
272 57
471 48
166 35
520 59
568 25
368 14
369 22
185 39
356 60
545 35
253 45
404 42
319 10
493 39
221 43
431 25
174 46
459 11
160 11
190 14
163 18
245 21
319 48
320 29
249 28
192 45
222 34
274 17
328 57
171 60
589 17
331 34
551 20
548 59
208 29
577 24
249 24
388 38
552 43
277 31
543 51
203 31
243 18
393 27
364 11
217 39
576 60
591 33
254 46
170 29
288 13
579 35
211 42
550 14
324 31
363 27
325 38
174 34
339 36
268 48
262 42
318 18
433 56
330 40
288 12
274 60
256 11
418 28
430 59
385 39
465 56
288 37
470 23
213 35
212 32
543 30
546 15
385 30
384 18
236 39
475 31
413 15
579 15
259 50
554 51
251 20
380 13
447 21
178 46
200 43
