50 300 3000
263 10
368 37
240 42
539 34
430 49
588 36
467 42
218 54
572 20
456 21
351 45
490 59
150 28
239 42
155 37
323 21
412 46
544 23
436 42
439 29
519 44
308 28
304 56
545 17
315 13
333 31
233 30
580 15
336 37
480 45
469 21
432 30
341 51
283 41
236 15
265 32
438 30
172 43
537 36
285 36
311 28
509 31
286 40
538 15
510 21
522 48
158 51
270 34
553 39
296 53
438 17
412 17
483 50
505 23
338 39
415 57
163 19
304 11
206 58
477 22
578 38
275 49
497 53
460 51
161 19
299 41
560 47
320 36
492 30
577 17
263 33
524 53
191 38
544 36
362 54
153 40
480 49
549 23
518 13
165 41
179 42
535 16
249 13
188 56
513 42
328 21
247 36
405 23
409 19
400 44
566 21
337 22
180 55
286 32
256 32
555 16
336 57
563 22
276 16
408 12
196 40
256 51
520 56
530 56
430 25
352 39
274 54
171 17
353 31
204 54
317 21
345 12
185 59
351 32
246 52
297 38
542 15
581 27
244 38
413 13
236 47
382 49
272 15
444 25
195 33
299 11
337 19
478 37
159 25
304 50
200 56
495 47
591 31
213 23
213 12
226 39
411 31
401 30
228 30
475 15
235 56
531 50
521 48
173 60
565 47
543 27
242 57
508 36
264 16
572 20
166 59
430 15
181 24
578 40
452 25
528 52
578 55
458 28
310 39
363 57
448 57
568 56
373 60
218 43
247 45
344 49
384 17
566 17
247 52
308 32
388 56
463 27
419 39
408 18
490 11
486 51
338 25
299 49
273 39
265 13
458 36
544 37
208 48
305 17
420 49
166 52
374 44
449 25
345 28
529 45
591 57
575 55
495 31
525 54
318 34
163 42
599 18
551 13
211 56
365 52
537 25
348 31
442 43
186 31
259 13
270 48
174 48
308 50
532 18
522 27
516 39
577 53
429 59
392 33
374 60
188 49
509 17
225 55
441 28
273 47
316 32
564 60
215 15
237 43
445 40
315 14
448 18
362 42
276 15
420 23
502 26
446 58
514 41
419 13
534 11
307 50
587 50
287 23
294 19
493 25
445 10
521 49
253 55
498 45
580 10
447 14
576 39
345 43
472 59
190 60
225 24
440 19
315 38
242 18
184 43
164 23
229 12
294 28
272 39
159 35
522 22
453 19
264 20
433 60
334 38
387 25
293 25
579 30
199 46
262 46
578 54
298 14
409 51
405 39
574 33
196 47
279 59
271 54
592 12
150 38
314 54
300 37
441 55
482 25
311 57
236 34
594 52
548 51
408 48
310 21
327 43
357 24
164 47
309 25
277 38
551 36
339 58
524 44
437 42
180 19
427 56
497 33
172 17
359 58
561 53
524 36
493 36
341 20
555 26
474 14
514 21
425 17
229 11
385 48
392 39
560 31
560 54
365 37
200 12
263 48
416 40
556 28
162 35
321 48
279 36
592 40
584 53
167 26
521 59
233 60
408 12
465 17
273 48
574 28
201 15
263 27
198 19
492 19
298 16
195 18
534 55
498 12
595 56
316 15
195 15
306 30
386 12
375 21
350 51
201 33
410 52
340 54
155 21
379 24
421 34
264 47
336 17
449 44
233 13
595 30
393 39
544 36
586 17
267 33
301 16
424 60
385 51
285 50
511 18
411 19
244 45
265 51
219 21
579 19
272 53
384 37
499 57
413 42
485 16
582 59
323 52
415 33
490 12
327 33
564 15
202 14
241 42
301 25
514 35
155 10
561 30
385 31
211 12
522 33
228 57
533 24
491 32
529 21
398 26
424 31
568 16
294 37
383 38
500 25
377 60
543 56
527 47
151 10
477 20
248 23
356 21
359 44
265 27
231 19
158 20
495 58
172 32
558 58
271 36
169 31
209 18
326 42
346 42
457 47
361 37
164 49
261 34
337 44
570 38
266 38
188 50
589 57
294 56
457 20
282 18
467 51
379 10
424 19
310 58
153 41
182 60
428 25
254 29
538 50
206 55
358 10
430 45
419 59
316 39
589 18
442 21
330 29
189 36
294 26
190 22
534 31
463 48
385 30
189 13
222 41
230 15
437 31
311 53
181 28
514 60
511 34
561 25
494 23
273 56
256 50
593 22
465 32
350 53
306 24
305 45
594 54
545 54
348 48
338 53
497 23
236 25
397 18
582 32
251 32
313 55
543 55
562 30
341 44
406 39
325 35
464 15
514 14
396 39
342 51
340 37
195 49
229 60
152 52
175 14
151 23
582 35
236 33
210 56
472 15
495 55
600 18
507 18
596 48
582 23
300 24
427 36
392 44
492 17
258 43
366 20
381 46
429 22
464 31
289 27
532 38
492 50
207 38
545 40
361 16
479 39
269 32
263 38
514 19
350 30
466 52
206 49
190 15
216 36
495 14
402 17
357 59
197 52
344 23
205 60
440 27
349 19
246 40
378 27
463 50
224 47
220 18
386 33
352 22
484 42
513 51
217 23
504 18
187 20
459 14
576 13
373 44
367 44
502 60
178 10
172 52
226 50
257 47
524 54
507 22
194 47
580 19
209 45
289 41
239 24
343 56
181 33
429 19
357 44
578 53
395 32
217 41
354 36
570 46
194 29
329 52
326 34
465 42
262 47
306 14
434 57
519 36
582 13
462 55
490 53
208 45
462 42
242 30
274 18
549 39
445 15
422 41
154 50
257 47
397 48
233 29
272 36
272 15
207 20
151 45
400 26
505 44
255 27
340 56
531 60
288 58
525 22
404 59
255 48
187 38
588 13
498 20
267 13
371 28
552 36
552 33
450 54
547 22
476 29
155 52
502 37
178 16
586 44
217 50
588 25
308 23
417 32
520 22
553 22
523 50
563 49
293 23
280 21
282 27
427 33
450 12
498 52
346 38
239 52
355 55
370 39
285 39
541 30
159 43
369 41
534 36
253 15
520 34
523 19
585 50
518 47
413 18
472 14
285 58
251 48
597 10
494 27
546 12
498 10
417 10
523 55
518 12
229 60
460 11
388 16
253 22
187 31
333 21
430 27
228 11
363 45
541 39
486 31
211 55
435 38
528 37
306 50
532 35
444 44
374 40
263 19
585 48
477 58
508 38
218 37
182 31
558 52
538 45
244 39
320 27
246 45
562 41
509 21
383 20
215 58
442 26
597 55
439 15
597 13
475 54
276 14
587 27
386 47
356 54
316 47
316 57
196 50
261 45
207 41
285 39
495 24
495 49
409 56
518 30
547 10
467 31
596 12
206 24
598 33
456 49
353 48
250 10
211 42
569 12
361 47
521 16
230 13
407 20
263 44
545 46
421 24
482 43
361 28
354 58
156 13
193 32
483 32
360 25
497 26
534 53
151 59
396 23
367 29
572 20
580 31
314 39
239 55
584 27
212 56
371 57
258 56
396 10
152 41
545 32
312 57
538 50
329 18
212 19
417 59
527 11
343 45
281 31
224 36
575 47
484 44
569 12
227 59
488 47
397 45
456 47
303 41
274 39
460 28
577 31
277 14
363 14
477 39
510 19
590 55
288 15
593 42
234 44
497 48
556 30
320 47
385 20
506 33
443 43
163 30
582 28
165 41
491 26
291 54
408 32
541 47
280 49
150 10
543 10
473 37
296 14
270 23
448 39
406 29
522 43
513 44
365 42
422 33
502 44
360 51
492 47
198 36
396 60
427 23
326 23
268 45
540 40
409 15
418 39
589 55
193 42
544 49
582 35
162 38
377 32
203 40
223 17
434 43
500 36
565 48
288 43
491 46
360 38
534 50
172 49
358 37
509 28
276 22
195 60
483 29
402 29
512 13
289 47
539 59
526 55
327 15
401 49
507 50
275 51
467 33
374 26
170 52
260 22
508 29
410 55
320 28
532 56
163 29
182 40
286 56
433 24
201 15
230 38
230 43
211 26
502 41
386 34
363 13
405 43
497 13
270 34
476 16
162 54
242 58
568 14
368 19
320 38
287 41
154 13
311 46
494 37
293 60
399 31
265 13
535 18
281 52
443 26
587 35
390 33
425 58
508 29
348 12
169 54
303 55
260 39
371 25
283 32
451 48
398 41
339 46
335 60
588 54
255 18
474 23
184 56
181 13
337 22
349 55
465 13
203 15
444 23
201 48
357 37
239 15
209 53
584 41
294 38
258 21
291 27
362 19
281 50
366 54
575 27
352 38
234 54
237 18
409 13
514 17
541 56
274 42
476 14
495 28
301 55
488 12
171 52
177 31
573 14
526 33
198 19
340 48
373 40
495 34
391 38
228 29
374 14
350 16
458 18
193 21
325 31
555 41
402 35
403 37
466 33
568 31
506 17
307 52
303 55
202 15
248 29
268 26
535 45
333 28
295 53
324 40
356 52
522 32
220 36
283 10
488 49
325 16
573 21
436 34
407 36
256 27
171 40
237 47
484 35
241 53
450 16
323 16
236 27
171 46
346 57
215 39
160 40
268 60
557 24
196 23
539 20
170 59
528 44
283 20
410 58
407 50
187 26
185 53
575 17
290 22
334 47
503 25
303 15
289 22
427 55
485 39
543 49
590 18
347 51
315 58
506 26
393 16
317 55
164 18
277 46
360 29
592 11
526 18
458 28
213 59
564 50
373 11
553 48
387 37
242 44
539 40
576 57
184 10
295 14
199 17
517 53
572 12
202 57
525 16
347 48
506 31
214 35
539 22
222 19
520 32
456 11
592 23
407 22
227 41
398 10
425 32
170 31
510 30
270 18
391 45
248 16
445 39
595 27
556 57
332 51
153 15
174 16
383 60
174 38
457 44
168 54
488 48
334 19
390 54
361 42
181 36
556 14
230 28
538 22
290 13
511 30
512 19
453 52
361 37
490 59
298 45
215 41
561 14
212 45
394 42
492 59
160 28
563 44
247 14
508 22
529 22
455 40
364 15
471 51
197 48
314 41
414 34
334 55
599 35
416 25
295 54
417 19
325 57
252 11
253 46
525 60
413 16
497 50
464 31
278 52
550 28
232 50
575 24
283 55
282 17
474 55
326 24
158 44
227 52
306 29
552 39
167 18
471 56
485 30
477 41
150 54
502 23
563 26
188 32
455 11
427 41
271 41
520 23
578 49
526 48
510 21
556 31
430 49
209 27
217 21
374 47
388 44
342 30
504 42
150 16
472 45
333 13
404 24
306 31
324 42
216 12
297 58
503 48
435 50
521 37
214 44
238 51
557 52
508 54
469 40
337 17
415 54
258 20
185 48
255 24
473 23
589 18
484 51
240 29
275 44
552 58
176 31
511 55
288 58
214 12
239 51
503 46
565 22
445 21
250 21
415 37
414 30
211 44
283 45
568 58
351 39
528 31
203 15
399 35
454 10
293 29
415 20
184 59
259 55
429 29
234 13
360 20
269 43
573 60
366 52
536 20
299 18
401 43
499 50
459 22
595 20
260 44
518 30
180 42
320 51
468 22
369 14
321 42
483 12
585 48
182 54
579 48
577 15
345 28
492 24
382 57
256 28
304 19
238 32
360 17
213 50
557 29
595 41
385 57
152 45
298 51
442 27
410 55
419 27
188 11
474 47
321 57
472 56
466 37
563 29
430 38
433 44
513 37
550 22
290 60
251 34
361 60
316 14
182 47
558 37
285 28
165 46
591 54
303 54
477 25
193 53
524 46
574 37
517 18
536 60
595 10
406 12
357 57
305 57
595 10
199 38
488 42
277 17
525 48
591 13
573 18
543 20
528 44
448 49
275 39
384 17
283 16
347 25
551 39
566 30
373 56
558 51
534 43
165 34
511 60
426 34
449 26
472 55
302 18
229 29
211 60
508 10
444 33
219 41
342 20
177 52
279 11
449 26
272 50
404 38
432 18
490 23
442 26
294 51
401 36
599 47
558 15
250 49
214 19
589 10
230 12
243 29
340 55
445 29
311 20
227 26
276 47
235 60
196 17
500 42
566 29
533 10
239 39
551 51
308 36
216 36
398 43
174 58
343 36
339 37
290 21
325 17
586 34
371 47
188 43
482 21
444 60
202 24
511 26
511 40
285 42
316 57
422 43
493 24
267 13
294 30
488 37
518 40
236 16
481 49
265 30
421 17
160 27
203 11
443 42
182 10
163 55
302 55
283 23
230 35
267 30
448 15
490 36
475 18
313 53
273 47
589 33
494 56
580 45
273 49
192 58
539 48
161 59
451 17
212 29
179 36
240 36
491 50
458 20
394 22
504 50
599 54
269 19
508 49
341 11
417 31
586 24
377 54
246 49
444 38
596 44
188 36
518 58
396 22
453 40
547 59
420 38
150 30
511 22
179 38
524 15
362 56
217 16
516 60
419 17
574 33
304 56
366 60
299 43
491 38
373 15
403 32
376 48
470 36
176 22
480 33
505 38
579 55
216 51
417 11
352 22
241 60
404 53
512 50
509 36
466 52
214 28
560 16
361 25
398 28
583 44
157 44
528 57
593 23
571 55
165 23
376 28
297 56
334 18
175 10
296 55
276 44
427 26
423 43
340 43
308 32
285 15
199 21
407 13
344 55
595 36
198 31
253 35
596 31
338 44
417 44
318 28
436 44
222 48
284 45
368 36
531 48
582 37
380 22
455 39
585 32
401 11
251 35
357 52
412 22
343 36
476 52
276 59
151 52
516 52
373 13
365 60
573 27
396 56
581 56
159 54
412 23
568 40
389 24
168 12
264 36
455 29
216 29
367 21
321 46
321 13
386 57
530 49
318 35
155 60
230 25
398 31
472 55
238 60
278 52
392 19
164 21
219 58
184 56
464 48
362 33
497 51
482 43
526 32
465 53
541 27
545 22
279 33
195 59
397 22
425 19
268 11
174 15
166 43
194 34
184 57
485 54
378 33
393 60
516 50
371 52
434 21
248 19
501 32
274 38
451 26
517 54
477 52
476 31
199 58
357 27
405 55
312 38
467 43
221 36
594 40
453 25
417 27
222 41
496 38
243 43
256 25
449 42
556 21
536 53
279 44
520 36
388 45
188 25
569 21
186 43
313 52
362 30
416 16
356 49
435 59
375 51
206 19
382 43
306 39
182 39
169 25
217 21
498 30
480 11
505 16
519 21
356 33
359 34
245 54
428 51
231 18
562 12
220 54
582 59
425 57
455 13
153 44
170 52
321 37
289 57
225 19
571 40
275 12
598 14
458 45
249 59
251 51
555 41
580 37
162 50
155 28
536 32
398 34
421 29
263 23
460 48
410 49
279 23
570 54
482 56
192 13
494 23
540 49
358 36
584 59
503 32
503 40
449 32
397 46
372 28
188 31
366 27
323 19
233 20
171 34
170 39
594 24
201 22
386 27
346 54
524 23
356 54
299 56
261 26
413 18
200 52
186 41
224 41
537 45
304 13
191 42
321 37
307 16
199 57
289 47
186 53
372 56
556 47
186 36
367 53
537 21
177 48
539 31
422 52
412 23
517 33
566 44
328 49
455 44
234 16
176 55
252 14
432 12
413 54
244 44
270 55
478 33
353 28
268 36
191 27
552 32
318 53
382 17
306 15
346 48
250 16
237 12
591 18
204 48
228 50
590 50
155 20
348 54
517 44
436 36
245 55
575 37
597 53
524 48
438 23
514 52
312 39
187 44
478 23
390 15
294 50
521 55
271 44
454 43
353 29
478 16
598 14
353 55
546 52
444 30
314 47
339 51
394 19
371 16
469 56
501 32
380 20
432 47
430 33
239 60
362 25
233 24
257 47
166 29
418 47
227 52
197 54
591 59
426 12
434 60
228 30
286 52
461 56
191 24
217 13
248 37
477 53
310 56
586 19
588 36
325 23
411 50
451 33
212 33
385 52
306 44
550 29
461 46
538 22
173 39
372 41
421 37
253 10
168 52
318 20
159 58
236 10
420 36
431 39
499 53
544 60
538 52
426 14
230 11
514 17
434 20
572 59
440 24
369 20
496 40
512 31
541 15
403 52
343 54
160 42
436 13
566 59
515 24
319 16
235 31
305 20
458 32
442 38
351 56
470 26
259 56
281 40
451 49
392 49
200 59
454 42
270 49
426 52
507 26
390 46
584 53
280 42
386 48
547 48
515 51
487 46
224 26
490 38
306 58
228 57
286 59
392 45
290 15
307 21
174 28
300 54
211 46
192 26
314 60
414 46
517 52
224 19
570 34
285 37
402 56
304 53
377 34
229 48
469 41
423 55
424 15
304 33
309 14
299 33
468 18
216 25
495 18
324 11
445 45
329 27
199 34
576 21
322 43
186 25
392 39
406 60
537 45
360 44
560 22
419 28
163 11
310 41
317 39
517 27
536 37
463 54
542 51
197 19
234 37
466 58
268 13
360 23
361 45
468 58
229 11
560 42
354 26
414 53
184 54
587 51
285 18
500 45
170 27
381 58
297 16
260 45
157 50
545 47
515 59
508 23
551 17
473 15
521 56
337 15
561 55
291 40
305 18
491 19
369 15
280 11
372 56
490 27
341 23
233 48
449 58
203 50
248 59
271 56
579 10
345 43
439 48
404 46
549 41
348 10
172 31
184 18
271 13
403 33
222 55
480 58
159 41
261 31
379 56
293 11
228 36
188 43
259 57
541 26
206 56
337 54
441 51
525 45
548 46
380 13
349 41
383 40
300 36
373 42
170 41
271 47
454 12
223 16
539 31
183 59
584 56
517 34
499 31
202 13
426 34
175 30
600 53
207 28
278 40
303 36
565 50
257 48
203 14
268 13
446 25
590 59
167 23
484 13
598 39
177 45
338 34
426 37
372 15
161 32
432 23
508 28
283 57
174 60
196 29
523 36
490 22
503 28
458 56
422 20
584 22
431 56
154 29
492 13
384 44
591 45
179 23
447 20
340 48
320 28
557 50
579 55
263 30
171 57
174 25
566 10
391 13
454 26
569 29
395 36
573 45
527 34
242 22
405 59
349 55
507 47
263 31
489 30
452 47
442 55
302 57
547 10
170 15
231 22
476 34
587 36
505 36
300 36
507 46
395 15
340 33
266 19
423 36
306 24
199 46
251 59
381 56
530 15
203 55
584 23
373 22
327 17
423 57
510 32
446 11
163 32
250 28
388 28
556 57
549 19
204 35
514 57
245 11
421 17
460 13
180 47
503 59
195 20
291 54
396 37
240 40
384 58
306 18
358 27
383 29
213 17
585 60
363 53
541 41
469 13
367 35
337 12
264 33
409 41
579 40
377 13
346 55
228 59
515 22
460 17
537 47
255 38
511 60
232 44
524 35
243 24
379 47
382 59
309 39
380 18
440 40
346 44
285 31
245 29
371 30
551 42
414 12
268 33
343 54
226 25
388 55
494 59
422 14
268 28
290 35
225 53
332 35
368 38
347 44
476 33
297 38
172 18
537 40
404 50
490 57
588 30
330 42
194 52
241 19
392 27
483 54
327 18
558 42
210 30
189 60
190 59
336 28
556 48
419 25
355 37
366 32
293 48
292 41
158 41
465 20
169 23
207 30
594 26
326 59
204 36
190 42
389 31
557 51
550 48
399 12
193 23
556 46
443 48
549 33
170 38
380 16
251 19
311 35
292 42
216 42
393 30
504 58
574 51
186 32
299 35
354 48
313 50
235 15
450 18
393 49
184 53
348 46
465 17
545 47
394 22
536 54
439 58
505 58
225 22
229 38
437 57
448 36
273 22
298 34
181 32
256 55
566 50
152 37
414 32
594 20
348 34
417 23
389 46
330 51
414 43
505 39
313 29
440 33
318 55
306 12
552 39
195 59
572 47
310 60
334 16
235 17
268 32
600 26
192 46
370 19
151 38
440 11
163 58
426 47
397 30
472 58
578 22
373 48
465 58
404 27
527 20
183 10
510 23
286 29
574 35
305 31
308 39
369 59
277 58
209 60
376 55
513 20
388 60
432 13
150 13
401 42
304 29
313 34
167 51
494 60
429 44
239 50
252 35
207 48
215 13
194 34
364 45
308 52
248 10
591 37
438 24
160 38
512 29
508 43
364 54
334 23
490 10
335 34
486 51
376 14
545 46
544 29
271 28
433 11
530 42
268 11
386 57
374 41
340 21
420 34
248 51
577 44
454 58
584 39
213 28
539 29
348 57
405 11
218 56
556 18
571 35
183 33
467 20
490 56
338 26
329 36
365 34
491 22
161 43
359 44
280 38
494 44
589 29
332 54
507 54
434 24
520 59
262 54
161 27
328 29
274 45
456 34
446 17
164 30
473 49
453 47
253 34
233 55
171 28
323 51
568 10
413 47
358 47
377 17
218 32
291 47
379 44
450 16
307 44
499 45
426 34
445 42
430 55
570 57
257 25
590 24
497 23
541 21
545 28
349 28
534 13
386 12
445 41
559 60
443 45
408 26
158 33
201 42
281 51
173 29
261 37
462 38
442 12
388 12
540 39
324 40
393 19
278 31
595 59
400 49
172 22
419 22
299 33
395 24
159 34
502 48
397 12
220 53
150 55
548 17
324 18
573 33
299 14
531 39
566 38
319 27
237 14
464 39
158 25
321 54
551 12
216 14
443 34
200 38
337 45
293 21
358 38
209 27
272 52
161 38
430 39
372 34
310 19
545 34
421 29
347 51
268 21
283 31
170 17
175 42
487 22
441 25
407 51
223 10
190 33
176 42
330 14
163 38
208 51
472 18
374 43
520 20
443 57
213 29
167 32
164 54
516 15
422 37
490 12
484 22
348 13
333 18
225 35
371 44
161 18
319 13
240 43
600 44
293 15
454 18
182 60
500 18
226 55
461 31
426 12
283 29
170 18
565 13
192 29
233 13
474 51
435 40
404 22
168 46
386 25
369 30
338 37
493 38
288 37
599 13
241 54
488 49
160 59
396 17
266 19
442 14
476 56
203 19
237 45
192 22
436 38
567 19
151 19
464 39
469 24
587 25
500 51
199 54
598 36
158 33
333 27
345 53
595 55
389 46
583 35
538 14
289 47
462 56
377 47
180 15
236 22
196 12
559 14
579 50
270 27
454 28
305 42
496 14
195 26
418 28
202 44
163 20
479 30
180 48
552 60
381 11
400 40
199 24
355 37
493 10
235 18
174 48
473 42
192 57
434 52
382 40
229 55
166 43
510 27
183 16
224 17
547 54
528 12
216 55
462 30
391 56
383 40
454 13
536 28
477 49
186 47
253 20
423 35
459 52
453 28
485 30
564 35
520 52
395 21
374 30
532 21
311 12
346 27
367 43
154 41
362 22
501 49
232 25
327 55
589 46
491 16
181 35
183 10
498 14
162 48
185 59
214 50
341 54
293 51
183 56
286 12
215 39
194 22
582 28
595 21
203 44
446 57
360 17
458 58
163 31
248 60
539 44
214 46
576 21
156 60
391 21
176 58
389 41
552 47
571 60
276 10
322 11
575 59
262 53
598 29
586 42
593 47
424 28
294 35
276 15
174 52
162 50
355 36
448 24
163 53
325 28
201 17
537 50
395 14
434 22
312 27
187 60
160 45
510 18
357 38
575 19
257 36
508 43
457 22
246 59
271 52
336 58
160 42
476 51
287 27
535 19
210 31
419 32
453 48
442 56
591 17
582 42
182 44
551 41
484 23
220 31
237 21
470 57
279 27
371 21
183 34
413 40
428 29
390 42
238 43
460 26
272 37
222 52
259 29
585 36
546 38
381 55
166 22
208 45
362 38
442 34
553 42
372 54
480 12
192 38
443 40
192 36
361 37
511 37
589 12
184 11
583 25
363 29
370 45
420 33
249 49
504 11
391 43
476 11
347 54
392 52
495 19
160 14
205 54
473 28
597 51
494 51
598 34
311 53
255 30
316 60
286 55
316 27
394 30
326 57
588 24
537 40
515 31
306 15
543 34
493 18
559 20
386 25
258 25
557 28
271 28
348 56
329 26
224 21
461 17
307 28
376 56
207 59
151 48
358 54
419 19
587 11
301 28
553 29
231 12
276 57
575 55
185 41
523 44
583 17
425 50
589 52
473 21
204 31
392 40
427 41
156 16
503 51
591 37
327 34
213 46
448 18
273 35
425 26
561 22
499 53
266 22
264 47
302 25
221 49
562 41
383 51
417 35
224 35
507 50
600 23
447 37
343 34
482 36
594 56
571 60
560 11
600 34
414 18
161 33
239 31
455 48
449 10
582 16
583 35
264 20
233 15
306 29
166 20
520 49
355 20
409 32
456 40
339 56
234 25
156 40
519 50
352 44
269 39
516 12
266 53
260 50
158 15
483 58
183 14
389 33
381 11
162 37
481 39
169 17
518 48
298 53
524 11
197 36
531 13
569 29
185 60
407 32
166 39
514 28
315 39
158 41
411 32
496 11
550 37
442 53
506 44
385 46
218 33
496 29
419 49
174 36
202 31
222 32
368 44
347 50
543 53
170 15
450 31
556 25
217 41
555 12
215 53
434 43
508 16
250 42
274 32
243 54
257 34
465 15
383 34
486 55
208 51
335 18
162 26
269 32
576 12
272 50
327 31
380 32
337 29
237 22
156 23
557 24
553 56
423 15
553 22
309 19
595 38
221 37
226 54
452 44
522 42
557 34
361 43
546 50
505 18
373 27
181 34
365 27
446 41
494 31
498 53
446 31
534 60
582 39
536 43
477 38
291 20
541 10
458 40
429 12
435 23
481 52
314 16
423 48
458 14
340 13
325 59
593 36
481 51
461 46
272 49
270 52
171 25
533 18
175 41
408 51
234 12
152 16
514 48
488 36
262 25
542 29
514 19
158 25
354 43
474 35
466 28
312 56
330 10
330 47
527 23
291 58
590 21
298 26
376 53
499 15
201 24
457 10
350 59
581 22
268 42
480 29
540 17
297 31
389 28
298 25
224 17
255 19
597 52
292 47
234 54
532 52
367 13
294 42
230 13
213 40
239 54
247 36
477 30
515 36
258 11
396 49
570 34
190 17
195 22
170 55
494 32
177 17
219 24
264 49
354 27
264 32
501 23
472 53
373 17
564 12
290 53
554 34
528 47
347 49
514 43
278 53
438 36
307 16
321 55
555 32
518 49
325 36
408 31
462 31
488 45
264 52
540 51
398 18
360 32
547 47
598 33
398 39
581 43
531 54
270 42
491 58
326 21
557 12
442 52
269 42
249 42
238 17
372 14
324 10
278 45
426 10
403 39
280 16
166 43
452 43
354 50
232 38
169 35
445 35
265 23
288 29
450 59
195 14
526 35
553 36
255 56
380 39
218 25
157 56
171 10
578 54
553 15
332 50
330 39
380 12
434 19
273 12
254 14
453 25
404 31
174 38
485 24
472 17
385 32
262 18
532 58
262 24
570 48
563 25
340 59
448 42
347 10
339 54
219 23
301 60
590 46
462 31
195 40
518 27
482 31
325 16
293 37
458 58
359 14
312 34
191 42
158 18
431 35
261 15
517 45
348 11
258 20
324 45
173 54
429 56
428 58
374 38
539 43
278 60
159 27
550 11
193 51
598 60
280 24
484 50
472 38
534 15
570 11
294 55
518 50
310 12
508 29
558 60
351 59
507 15
206 14
317 46
263 24
152 36
354 50
550 19
434 31
511 45
279 45
426 42
177 55
206 45
