50 300 350
356 42
261 21
327 50
269 42
468 24
599 15
390 57
194 36
461 12
182 40
432 37
337 25
205 49
539 32
554 13
546 20
485 22
285 24
524 34
166 57
439 37
585 27
490 34
560 15
218 50
267 22
421 19
279 60
409 57
579 47
423 37
230 41
289 50
211 14
424 36
489 34
339 16
259 11
422 26
291 10
356 40
409 20
236 36
303 60
554 23
571 14
445 47
311 27
415 50
162 52
528 48
596 57
203 34
162 16
222 45
377 35
231 10
589 29
231 36
544 20
360 43
562 57
237 28
280 31
280 43
447 38
267 29
189 56
328 10
351 10
514 24
315 60
460 54
202 38
565 18
163 53
599 44
557 49
541 19
469 33
182 49
337 27
236 23
402 18
401 56
593 44
533 34
458 50
211 34
528 22
490 47
455 59
265 11
258 32
298 24
479 45
532 57
394 19
161 44
549 41
193 35
359 24
419 14
231 47
301 57
181 14
373 58
521 60
301 46
241 18
502 32
552 37
540 54
444 38
513 40
408 60
546 14
375 49
516 12
526 16
575 15
593 58
235 30
203 39
541 12
351 49
527 38
433 39
294 37
445 15
457 49
367 15
567 29
500 57
514 11
447 38
478 21
470 57
522 46
540 60
382 49
401 14
581 53
503 43
494 55
316 20
448 55
290 56
444 45
181 38
557 53
150 47
353 15
358 47
591 24
324 53
468 45
344 14
151 38
160 16
501 26
206 41
291 46
475 58
339 17
329 28
512 26
433 46
232 24
173 21
470 34
162 14
205 59
231 59
333 12
553 25
458 23
303 12
460 22
505 32
152 15
469 56
239 33
300 31
343 28
159 30
330 38
204 53
174 11
586 58
477 23
427 50
554 49
312 15
403 13
455 51
461 24
453 21
232 18
252 53
362 47
340 10
339 43
589 54
283 34
549 23
403 26
491 44
216 49
156 52
176 18
457 11
329 24
261 60
482 46
402 53
520 52
521 20
425 21
518 58
353 44
461 31
401 19
368 46
474 49
533 53
419 44
352 52
165 40
503 10
524 23
223 11
169 16
356 15
415 59
366 22
589 21
202 60
358 13
514 50
366 17
208 21
430 41
300 58
361 32
360 53
528 54
457 53
298 43
475 39
324 47
318 20
524 18
417 15
209 39
229 14
166 10
453 13
382 27
414 58
411 19
392 46
553 17
409 23
231 59
387 23
400 43
244 39
556 52
175 31
481 49
222 32
542 16
469 14
565 18
314 44
179 22
323 32
488 48
432 33
340 19
286 22
540 12
214 58
152 48
424 45
523 11
588 47
196 26
219 18
354 22
511 17
508 25
358 13
416 49
573 45
239 39
396 49
315 54
215 56
566 13
384 34
517 28
218 58
327 30
220 41
480 41
364 46
358 54
294 40
245 26
480 13
388 12
572 58
468 54
579 59
189 29
456 20
316 37
320 18
552 13
392 13
474 55
172 12
544 10
189 31
282 10
313 24
309 19
420 57
559 43
595 51
231 23
170 15
479 35
372 50
312 48
174 34
236 57
167 34
219 11
301 26
520 32
466 26
443 29
520 21
466 11
496 34
463 48
180 34
