50 300 4000
589 17
420 16
441 41
296 56
220 36
445 44
538 39
420 49
179 33
310 58
459 16
409 21
372 16
408 43
379 22
496 45
187 34
518 50
350 16
375 52
454 54
193 52
435 21
386 58
330 12
280 35
307 30
284 51
504 45
225 17
353 22
457 22
504 50
219 18
261 55
215 30
185 21
385 38
204 20
406 28
561 34
177 16
451 48
281 16
515 45
187 32
442 47
156 15
594 37
497 29
407 60
575 41
600 23
590 41
578 45
186 25
394 48
332 56
584 16
181 21
364 59
438 12
333 38
282 56
489 42
598 43
290 51
255 50
486 58
470 46
545 29
234 38
549 42
523 57
327 37
219 16
437 21
245 25
415 42
562 38
237 34
273 34
600 53
158 27
182 41
536 53
506 60
389 60
171 58
407 20
276 51
371 50
479 37
354 18
325 34
161 19
369 46
507 24
453 35
553 49
214 12
295 59
525 41
463 37
543 57
349 55
598 20
332 11
307 57
276 24
292 20
347 24
217 44
246 23
370 41
210 15
315 40
264 36
292 35
486 52
226 21
437 37
488 25
343 54
188 14
579 32
367 56
339 27
575 17
275 35
460 17
566 60
265 40
553 60
346 16
554 49
552 46
434 33
436 13
184 17
188 14
295 11
201 27
594 27
175 34
562 42
381 43
265 48
561 44
548 38
552 58
370 50
509 28
268 24
316 52
278 12
546 13
259 33
247 36
174 44
347 40
204 22
165 54
551 17
157 10
492 12
286 44
217 20
337 55
426 60
265 30
271 52
181 15
360 39
371 55
468 51
550 40
447 19
419 21
388 58
443 19
233 43
517 34
157 50
369 24
254 50
290 11
576 27
372 48
251 43
244 48
538 56
549 19
374 15
470 31
283 14
326 46
316 57
226 15
585 28
181 57
364 59
439 23
336 26
295 58
252 40
496 31
398 51
216 48
543 58
583 23
251 45
461 48
316 12
541 21
564 19
360 10
572 29
583 58
379 18
230 34
597 19
593 59
209 35
514 50
586 21
159 60
165 14
304 28
480 38
500 55
203 39
384 46
240 32
445 44
168 28
355 40
405 56
459 38
349 48
578 44
313 28
252 17
589 52
361 12
256 29
458 48
429 46
585 54
358 20
183 38
208 11
531 15
414 45
488 45
436 54
501 16
172 36
427 27
280 24
581 22
291 52
221 18
338 46
491 22
177 46
297 44
203 42
156 59
560 59
213 29
203 28
522 54
315 23
402 60
376 53
506 24
272 48
452 43
576 28
168 52
361 46
391 42
236 22
332 51
293 43
454 47
241 25
360 39
596 59
428 60
341 27
529 21
197 13
290 20
534 30
434 52
287 11
548 45
456 44
310 45
309 48
555 56
285 24
400 47
521 48
155 12
562 19
467 20
460 42
505 22
292 36
322 35
179 60
303 12
464 40
193 38
237 33
512 46
569 55
508 50
444 16
260 20
335 40
244 52
356 36
344 13
320 14
467 37
234 28
528 13
150 57
371 36
505 20
177 18
220 19
278 26
482 58
250 59
289 50
248 48
334 42
485 36
304 32
221 11
548 47
584 18
545 18
416 53
336 57
567 16
244 34
423 57
300 21
479 30
532 57
413 39
486 12
200 53
238 59
471 18
517 56
527 46
533 22
545 27
171 46
160 60
326 30
571 28
562 48
419 19
375 21
338 28
407 51
239 41
440 47
583 58
365 54
384 30
250 39
488 30
242 58
209 58
457 51
175 15
560 44
288 55
276 22
172 18
377 42
331 25
405 50
252 21
501 56
252 58
528 11
451 49
526 26
588 51
387 48
322 32
286 26
448 48
257 53
331 50
396 28
445 50
497 45
507 13
384 23
332 25
391 29
423 13
323 51
420 40
274 49
238 29
383 46
333 53
370 20
484 15
515 58
190 21
518 22
345 39
396 29
583 26
163 43
205 55
425 29
504 50
436 28
593 26
482 57
375 60
264 18
322 21
397 32
434 26
355 52
547 58
592 26
204 42
505 26
185 46
321 19
544 10
203 56
222 55
517 44
505 58
306 12
373 60
411 18
377 51
293 52
345 49
453 45
266 28
172 21
566 57
482 40
580 51
494 55
192 54
249 17
568 59
151 30
280 38
230 12
301 36
300 18
227 49
202 24
556 34
472 52
470 58
160 14
351 50
390 16
547 22
477 60
200 23
252 18
248 33
240 33
537 19
199 28
589 28
498 26
591 40
526 43
467 17
354 25
337 41
594 31
530 44
562 18
370 40
511 10
309 40
579 38
231 57
533 16
165 26
583 47
166 14
525 43
392 49
158 12
303 31
373 45
197 23
206 32
494 13
369 56
318 50
355 59
375 40
395 51
420 30
305 59
189 25
346 45
588 48
169 32
591 36
369 44
524 27
351 31
467 37
328 28
429 40
548 43
493 40
327 52
330 45
432 22
422 60
152 30
184 30
510 16
201 50
314 31
513 46
275 21
352 52
482 31
578 12
348 14
552 56
457 14
524 22
477 53
480 26
173 26
271 30
393 42
383 56
257 11
289 27
597 33
277 28
277 37
568 58
393 19
446 55
463 17
406 25
391 37
498 43
239 13
521 14
598 49
476 60
358 53
515 46
516 44
433 40
476 19
171 47
290 11
542 52
237 48
396 21
182 51
282 19
230 46
561 11
348 30
519 23
277 57
411 28
579 11
456 29
510 55
492 11
299 17
405 58
492 52
470 30
316 30
323 58
212 28
298 59
370 60
589 18
424 54
479 22
583 50
519 17
191 53
293 20
161 15
220 26
338 50
154 17
597 51
466 13
248 37
288 34
510 21
277 52
294 56
377 25
170 51
468 28
446 53
337 36
510 44
481 51
545 38
566 48
153 24
404 35
368 24
427 45
315 22
175 19
425 19
481 59
329 58
508 17
530 58
255 52
263 10
371 16
434 52
371 59
190 36
400 17
278 29
572 48
346 27
261 50
576 29
423 49
551 55
434 36
168 39
371 43
554 48
491 25
435 45
538 38
337 28
353 34
392 14
273 50
464 17
291 56
485 41
428 57
286 28
396 49
351 45
484 43
540 52
509 41
283 31
459 45
388 34
266 56
300 48
215 59
150 20
257 15
199 20
547 16
226 15
596 22
329 42
406 57
324 52
432 14
521 12
483 41
348 38
268 60
273 41
262 16
444 10
224 29
486 54
576 18
389 49
231 26
311 50
542 43
443 47
478 12
446 25
239 58
439 11
442 24
453 11
482 55
260 43
557 57
567 12
235 50
544 11
274 55
152 48
555 17
152 40
548 29
317 45
323 29
343 44
229 57
535 55
510 53
172 17
250 40
173 58
399 51
385 16
365 31
173 45
498 20
433 56
443 10
555 58
308 29
591 11
418 38
569 59
277 52
528 28
334 56
567 28
568 45
243 23
581 51
174 56
192 28
206 32
325 20
433 21
257 56
509 31
395 36
185 19
373 15
372 13
435 20
579 21
577 32
595 16
452 18
463 45
413 52
541 26
296 20
442 40
343 22
336 51
263 29
581 49
414 16
256 40
215 58
516 50
230 27
288 14
272 43
358 37
506 50
314 19
228 50
380 20
310 23
248 50
528 59
286 10
524 49
573 44
460 44
470 13
594 11
380 10
450 36
325 17
507 56
426 47
486 30
515 44
380 45
439 46
468 34
468 23
517 58
248 14
235 36
547 22
273 13
230 42
404 44
255 31
491 30
321 32
565 51
425 32
206 27
238 45
188 58
343 11
297 56
245 17
324 59
566 46
440 10
309 33
316 34
412 17
213 30
258 54
317 60
397 37
466 28
417 31
415 37
329 12
211 26
278 30
443 45
166 28
228 45
497 14
513 59
412 14
327 28
213 45
569 25
319 11
472 42
555 21
265 60
488 59
298 59
510 48
571 12
534 16
419 18
293 27
367 13
185 39
203 37
241 11
230 29
526 47
556 37
448 19
194 59
542 11
248 27
426 11
567 36
215 57
425 37
195 17
347 46
260 40
582 16
462 34
411 21
475 33
530 52
152 60
470 43
574 44
554 19
252 45
376 56
355 32
545 35
169 37
428 18
403 51
447 18
189 23
327 48
318 29
155 17
417 49
387 46
543 57
568 54
402 28
565 45
254 37
270 49
528 17
173 37
489 13
215 46
183 29
264 53
331 36
394 48
262 38
479 54
401 36
305 33
330 38
212 59
575 46
279 59
531 59
266 35
386 48
336 48
430 10
545 40
161 40
178 24
339 30
520 39
486 32
501 39
277 48
384 59
549 29
497 37
447 28
248 46
343 13
442 22
477 29
290 10
554 50
185 60
512 43
231 56
387 51
368 33
352 45
244 16
472 15
388 12
592 16
303 56
477 17
422 10
424 60
453 17
181 10
151 25
284 42
527 15
286 55
572 51
421 41
319 22
553 40
232 22
215 35
345 58
271 56
436 37
311 25
326 50
363 47
179 22
262 37
380 45
282 55
540 57
366 43
550 40
549 14
577 46
453 12
440 28
455 25
437 57
213 37
262 11
578 24
338 31
580 60
226 34
194 38
278 17
535 44
538 24
265 44
343 40
373 56
352 36
488 36
159 52
361 28
257 15
289 54
433 53
527 52
154 59
541 32
558 23
483 37
433 58
238 14
173 31
363 15
493 60
433 56
288 19
165 36
169 39
526 27
274 44
493 48
475 27
197 21
387 43
577 56
316 54
573 22
423 17
461 48
546 22
174 46
301 59
293 49
299 32
364 33
153 49
241 10
289 54
457 18
298 36
532 31
423 54
592 12
535 33
242 21
501 53
274 39
583 54
164 51
413 38
391 59
212 16
329 52
497 35
485 16
552 24
281 55
365 57
492 32
339 48
474 33
456 14
371 50
292 28
522 23
259 20
322 13
582 38
461 47
319 16
482 30
163 53
312 54
159 18
435 56
333 26
478 41
250 42
325 36
306 10
397 30
151 48
537 39
297 55
546 33
298 21
179 41
169 17
232 15
486 23
243 45
563 37
413 11
492 46
302 52
219 52
554 48
508 38
405 55
347 58
252 24
232 50
569 37
354 49
361 14
397 17
307 48
486 57
237 39
372 40
228 42
255 39
369 30
458 36
163 24
332 49
401 30
524 41
600 25
396 53
263 37
454 37
557 49
426 27
313 51
287 48
177 15
371 27
236 17
152 14
436 15
460 60
292 25
436 24
315 43
409 28
531 17
243 51
445 58
202 26
358 43
565 52
329 35
295 18
582 51
464 43
364 44
376 14
252 44
499 59
309 34
283 21
438 47
240 47
425 45
449 10
190 49
283 36
483 49
386 60
453 13
183 54
391 17
599 59
312 34
553 48
209 37
404 44
501 55
304 34
550 31
408 58
193 31
183 44
408 50
519 24
600 44
241 39
384 22
169 50
455 43
163 25
400 58
283 39
397 24
596 29
560 15
325 59
248 19
424 17
152 39
250 42
557 22
251 11
437 18
517 20
399 39
198 31
329 15
321 23
315 14
418 23
457 30
571 28
160 35
542 17
418 28
337 53
243 47
236 40
394 53
343 58
324 15
556 19
274 15
378 60
388 43
174 30
200 40
432 37
497 44
474 50
290 52
205 25
477 41
361 42
507 42
235 45
278 57
369 31
499 60
386 31
379 20
454 38
302 39
157 10
376 58
252 54
342 39
512 21
584 43
305 57
339 37
498 54
178 13
443 13
370 54
393 53
464 50
275 24
277 37
191 34
386 18
549 24
410 35
300 40
355 55
343 22
231 53
488 60
327 22
342 28
207 56
181 21
424 23
378 38
244 23
561 40
522 24
370 58
345 60
405 40
361 50
478 39
501 20
188 27
339 26
157 28
151 29
563 42
293 33
350 34
449 53
420 60
382 52
571 49
267 55
498 16
570 18
359 50
484 32
235 59
346 43
247 31
307 50
413 58
535 49
228 57
353 50
323 56
311 32
483 32
154 35
540 40
589 15
218 24
446 45
342 21
585 29
305 55
292 55
347 28
463 17
377 54
528 15
337 52
200 31
375 29
415 28
470 32
386 14
554 59
351 33
586 11
161 55
310 17
311 29
398 22
323 21
509 33
528 26
231 26
353 38
372 47
593 24
214 30
551 60
397 12
516 51
512 13
543 46
349 42
191 30
509 33
352 23
172 39
299 46
536 27
230 33
413 51
324 57
422 11
229 56
396 29
347 45
183 14
394 15
523 14
261 19
493 24
407 39
530 13
352 22
304 47
237 38
199 38
485 46
444 24
596 36
186 21
393 43
274 32
175 33
460 14
162 10
515 40
315 10
413 25
519 43
546 49
270 10
555 32
226 22
274 28
241 20
259 21
392 58
447 29
153 28
387 21
315 12
299 46
422 54
386 34
395 53
386 53
475 29
245 27
336 11
472 32
585 31
359 28
365 44
535 47
252 28
309 15
209 47
438 34
584 30
399 60
384 52
210 51
447 23
308 56
277 42
292 42
238 19
187 39
265 12
302 22
284 57
155 30
532 43
356 57
534 51
244 15
543 45
599 55
449 49
535 28
450 47
175 19
540 55
456 50
563 21
150 43
573 46
436 13
567 29
199 25
583 22
462 49
597 28
581 40
542 17
226 23
598 32
541 12
466 57
300 50
177 55
447 33
482 42
578 37
221 48
574 43
444 10
521 43
414 24
575 24
522 16
463 56
340 29
446 22
326 58
400 43
290 48
305 10
465 50
279 10
552 42
421 20
323 31
293 29
519 43
391 50
598 36
160 58
520 26
590 57
472 22
180 46
252 53
314 53
428 27
321 49
160 32
238 41
161 29
154 55
183 58
489 56
432 52
600 58
555 51
191 34
262 18
529 56
304 47
334 16
156 31
355 23
399 27
417 32
280 51
422 16
267 12
556 19
321 32
366 58
349 41
507 51
452 24
272 39
363 19
432 42
327 38
430 18
408 40
197 51
557 56
215 45
281 41
502 48
346 13
584 32
504 23
295 46
387 49
371 21
432 36
322 32
282 13
155 34
232 60
457 22
303 39
216 39
316 54
514 17
326 54
504 35
348 46
437 30
562 53
422 59
568 24
188 30
320 20
530 32
217 10
414 57
438 19
213 52
310 12
587 21
219 60
440 37
256 23
572 18
545 40
492 29
216 14
372 20
315 38
347 11
576 19
285 13
235 13
205 21
280 42
438 44
221 47
590 52
544 28
481 54
182 30
554 13
487 24
401 44
250 36
334 52
225 37
526 18
377 32
476 37
324 17
519 16
556 30
211 41
298 54
231 30
285 51
270 32
503 47
567 45
469 16
160 47
468 43
499 16
285 35
279 52
307 28
369 28
224 39
171 43
268 34
281 38
527 35
294 40
542 48
594 21
401 10
183 41
543 24
542 31
448 56
495 58
288 17
166 57
222 34
187 57
530 55
590 15
379 17
594 20
351 10
281 24
573 59
156 14
478 54
177 32
595 58
172 30
229 16
368 41
268 14
151 37
574 18
514 59
511 21
238 12
500 35
404 35
474 42
302 52
394 11
492 25
377 34
248 46
571 15
499 52
361 25
541 26
377 56
523 37
205 14
515 14
594 35
585 54
578 53
150 34
210 44
287 16
385 37
283 29
219 24
247 21
545 44
253 27
528 17
199 53
506 32
229 24
305 40
411 36
298 60
343 34
206 53
181 27
517 38
592 56
458 12
490 21
477 57
299 12
385 15
453 60
443 50
204 53
212 11
509 59
337 47
454 25
294 19
190 35
278 42
270 39
277 34
391 53
183 31
255 47
515 56
230 19
436 39
246 21
556 14
579 23
495 22
476 25
176 19
448 43
334 15
264 11
521 54
453 33
485 13
217 55
192 55
395 39
230 40
258 47
311 40
237 51
357 35
358 46
238 37
530 15
195 29
254 34
510 44
395 11
205 27
164 33
428 47
482 47
498 46
165 11
317 19
250 31
502 20
259 10
480 21
190 47
532 23
513 36
527 46
240 54
182 16
536 13
305 28
470 38
356 45
366 12
459 44
364 59
298 31
210 20
435 53
485 59
520 60
180 21
242 13
500 29
305 46
199 49
172 17
462 53
396 30
183 51
338 15
273 35
385 19
327 36
551 12
522 52
218 50
501 17
547 12
268 42
257 58
562 56
436 54
344 40
245 31
472 20
227 57
279 40
242 59
527 57
271 42
192 21
296 44
405 18
203 33
554 48
476 20
441 45
330 55
514 24
415 29
150 52
203 59
449 10
231 18
297 17
552 18
540 22
274 57
376 23
406 54
240 27
359 31
310 17
571 15
300 19
404 47
510 24
502 35
208 49
543 45
284 20
530 45
337 16
467 23
198 34
555 17
512 52
347 42
447 59
253 16
158 42
238 26
353 59
418 35
307 57
200 20
376 43
326 38
568 30
168 52
386 45
563 24
458 42
326 23
589 46
341 36
560 54
349 56
290 28
365 29
197 53
431 44
232 11
442 20
282 19
166 12
487 51
557 19
346 28
246 27
509 36
563 26
220 23
590 29
303 44
262 41
450 47
414 45
286 34
185 39
279 42
391 44
525 53
298 40
585 25
428 15
401 15
260 54
486 23
311 22
222 21
223 60
250 60
535 20
331 16
564 53
476 56
448 19
327 26
342 48
471 53
560 19
478 13
210 33
404 47
498 24
165 23
261 55
212 27
359 19
178 43
302 34
352 24
421 14
288 38
169 22
352 50
262 40
583 29
168 45
229 33
431 43
271 24
518 35
169 51
551 50
437 49
356 39
210 10
313 54
520 25
365 10
232 34
458 59
571 59
158 16
249 46
236 41
211 54
483 22
424 25
386 13
553 27
331 58
428 37
569 20
374 35
535 40
206 60
543 22
556 40
556 44
537 57
166 33
359 29
564 22
321 53
318 40
324 37
288 45
352 56
538 42
254 25
459 42
220 46
184 35
315 25
282 22
331 49
406 59
213 29
173 13
296 19
549 41
333 30
211 22
389 54
527 53
294 20
571 38
542 44
599 36
510 22
482 48
536 55
302 21
319 28
568 24
599 14
183 35
553 22
161 27
234 20
276 38
294 50
260 12
440 16
350 37
370 15
244 58
153 15
253 46
208 49
403 24
285 40
434 43
427 41
289 59
270 18
364 45
404 27
329 60
154 14
552 57
334 21
233 15
221 54
370 28
575 22
564 12
204 17
219 57
226 22
554 48
432 50
323 17
453 36
567 15
173 10
222 33
599 54
347 11
154 10
191 23
478 28
258 16
199 45
577 38
422 46
464 39
258 60
166 37
391 12
321 53
511 20
570 11
396 58
308 14
192 18
293 58
231 27
152 12
450 48
318 22
432 16
525 24
275 16
478 31
517 26
319 23
470 46
204 35
261 37
178 39
505 57
384 22
162 39
477 38
287 15
538 38
158 33
387 31
315 19
536 60
470 16
454 60
476 22
471 35
193 28
422 21
156 12
531 59
596 20
447 11
357 59
328 43
340 45
566 48
440 28
309 30
257 49
524 54
508 28
430 22
175 26
359 59
562 60
427 16
308 24
176 15
555 21
188 53
164 32
151 52
399 43
263 28
409 36
251 28
258 36
596 12
569 20
263 10
235 22
335 34
516 15
552 53
579 22
342 40
530 16
470 25
485 60
448 41
503 20
188 29
504 45
544 14
418 54
154 39
580 38
194 38
270 48
509 45
437 17
292 51
453 58
177 20
333 16
227 56
299 25
297 47
220 38
478 14
163 14
275 13
480 39
293 57
579 13
523 33
248 12
388 41
499 42
215 56
209 44
435 23
354 21
427 54
581 40
526 16
297 22
322 15
581 18
545 44
368 28
467 46
543 32
341 12
418 49
298 42
347 55
523 13
434 47
536 55
413 25
184 48
407 56
559 13
419 16
553 15
453 57
414 23
559 26
478 33
500 17
346 55
460 51
245 28
322 27
246 15
451 20
191 22
263 23
420 55
583 39
439 24
480 43
599 36
298 11
269 45
472 49
306 10
156 21
223 53
371 42
222 21
454 39
583 18
514 18
312 24
311 55
150 37
452 50
201 52
442 14
348 53
375 28
228 32
249 50
586 22
306 47
160 14
305 23
409 50
539 35
251 28
172 28
327 48
417 52
576 36
400 25
536 11
470 15
304 54
599 26
298 42
272 48
536 47
389 34
562 36
222 54
535 40
173 14
200 30
407 57
211 19
209 31
569 47
267 55
275 29
580 46
373 22
586 35
492 46
548 10
401 50
534 58
231 44
313 22
442 55
495 55
495 32
591 11
284 53
437 26
321 36
590 27
331 57
204 24
541 47
281 47
436 20
276 42
288 47
548 28
189 31
412 43
463 34
340 47
152 27
397 29
570 25
548 44
176 12
453 59
505 54
371 22
299 54
408 13
191 56
510 60
565 51
365 36
599 53
292 30
407 15
185 58
282 60
333 56
270 35
339 24
508 36
340 55
428 10
410 16
279 13
466 49
205 19
377 33
572 59
592 38
510 52
355 44
168 41
248 55
157 45
480 33
378 49
409 40
165 30
381 38
299 23
198 57
269 38
540 55
315 41
249 51
520 25
276 58
333 13
288 47
490 37
457 19
490 49
257 40
223 18
154 52
458 45
568 29
166 42
266 15
277 35
431 40
452 53
596 54
537 17
227 45
180 40
313 11
596 35
503 41
213 16
571 21
432 35
266 21
467 29
228 58
549 33
512 54
387 11
292 21
420 58
527 50
250 31
404 37
539 25
206 27
432 41
265 44
151 44
574 43
219 37
504 31
333 11
480 25
269 30
553 33
407 34
473 12
307 28
359 48
249 27
186 10
246 26
298 12
384 42
263 10
500 47
274 36
312 43
236 51
164 37
282 29
507 23
548 42
252 49
258 40
304 44
509 23
438 55
157 38
520 57
586 56
252 10
554 40
372 47
193 17
598 55
582 51
395 44
371 51
402 30
447 39
320 37
520 22
353 38
211 30
502 44
190 23
400 15
491 39
543 47
410 37
174 43
150 39
540 32
534 33
250 42
332 19
269 20
591 18
321 32
438 19
497 60
240 46
405 31
324 33
277 53
383 12
456 47
441 55
379 27
451 16
153 36
540 46
170 50
320 59
518 42
559 19
219 42
184 15
461 36
547 53
590 28
241 50
166 58
501 34
389 15
317 57
183 29
589 13
287 20
579 50
300 60
187 12
429 59
223 12
502 26
591 53
486 43
270 28
419 39
193 26
349 56
269 42
165 52
172 14
314 19
385 58
269 41
482 52
167 17
374 26
427 46
360 59
205 27
379 16
317 45
227 38
203 46
444 22
364 40
496 41
590 52
243 35
596 36
496 37
334 38
394 45
595 29
206 35
205 22
589 29
338 22
350 53
410 54
552 45
273 32
263 43
521 45
159 16
241 41
169 41
273 12
400 36
225 20
169 11
443 13
430 54
211 38
494 33
263 53
295 37
238 37
166 57
538 16
308 58
572 50
289 27
500 19
476 51
383 29
187 12
197 59
324 51
243 54
519 17
541 46
469 42
423 53
382 34
587 59
492 27
584 48
335 41
220 26
411 43
201 35
479 45
592 59
361 24
275 28
437 25
196 27
510 26
453 16
197 45
158 59
442 58
594 40
518 58
202 55
151 17
304 31
594 45
523 26
355 21
516 38
593 15
215 22
300 59
332 29
567 14
204 28
194 18
305 49
287 48
486 13
359 46
472 24
564 29
556 56
363 26
350 18
175 18
370 24
514 13
225 51
242 35
580 52
315 10
159 22
352 60
568 15
385 54
186 18
407 41
597 27
310 34
588 19
528 21
346 43
531 48
556 58
359 47
398 36
238 32
237 53
356 29
349 26
357 39
418 19
527 22
455 43
322 22
310 52
223 52
347 32
449 11
570 14
491 25
215 57
551 15
600 60
385 33
154 24
422 34
359 49
211 59
471 11
161 60
263 54
275 30
595 58
366 33
409 58
157 41
467 36
462 28
209 54
353 55
345 23
346 26
404 44
245 12
214 20
532 12
215 49
188 35
245 12
398 34
368 60
358 36
534 22
303 38
424 27
167 41
280 25
221 58
578 30
553 32
162 26
258 53
332 38
263 34
576 58
588 27
444 43
546 56
417 50
551 10
319 16
431 31
570 41
204 14
396 34
153 13
274 36
205 19
372 29
206 25
471 13
396 16
198 18
299 10
194 31
273 28
497 13
405 47
406 10
236 53
415 53
278 17
588 59
287 58
166 19
468 24
280 33
480 36
266 51
541 47
459 19
590 45
358 60
232 58
225 26
385 21
336 35
533 16
573 46
512 16
342 15
190 57
586 12
592 28
232 43
474 45
428 28
476 14
158 48
346 38
355 49
253 21
572 40
468 43
366 50
484 13
222 51
273 52
263 13
431 36
427 25
483 30
469 24
352 53
422 38
335 19
261 35
469 33
164 55
206 30
493 44
268 56
196 16
485 43
454 33
355 53
558 58
367 55
343 16
156 29
260 58
157 47
569 49
505 42
584 19
220 38
305 12
518 59
275 16
441 46
336 25
265 46
336 30
461 39
216 47
347 33
526 31
515 15
214 52
259 16
454 20
393 59
536 37
499 21
384 52
293 12
575 34
383 50
194 34
315 27
547 30
244 44
401 18
548 36
287 41
552 32
550 16
172 36
513 18
516 43
200 39
269 41
598 40
205 51
594 30
317 49
337 32
402 60
561 26
498 19
208 36
524 11
212 40
288 53
494 55
485 50
171 34
322 17
391 41
213 13
391 52
166 39
576 19
385 50
458 54
480 47
598 23
514 56
328 50
524 12
404 55
279 56
293 59
288 60
505 30
392 27
591 13
259 14
388 12
271 40
250 44
248 19
582 35
296 29
466 53
371 13
546 54
377 39
565 22
593 46
266 29
521 30
483 40
597 17
479 14
158 29
275 15
436 20
208 19
557 15
435 55
578 54
400 17
183 44
435 22
526 59
173 56
387 56
559 17
380 17
340 36
166 23
241 59
529 26
563 47
197 34
369 41
262 20
589 47
275 51
530 17
182 60
462 42
494 16
491 37
319 30
521 40
428 55
222 38
309 27
273 17
521 43
316 42
283 28
575 49
189 59
233 53
526 52
589 55
254 19
270 36
486 37
535 18
489 27
454 59
380 31
163 23
239 52
531 42
513 16
188 34
521 30
293 55
294 55
244 51
483 25
203 41
470 29
163 23
337 36
323 30
536 39
539 26
257 30
205 26
588 37
298 45
291 42
243 16
566 11
361 55
597 48
476 22
311 55
570 12
353 48
597 43
344 16
589 25
186 20
408 52
369 25
437 29
564 27
479 56
578 15
475 53
281 35
463 47
252 55
506 41
437 42
496 41
459 40
556 28
229 14
410 22
301 41
357 25
441 41
258 16
342 24
182 59
404 48
433 16
305 20
422 29
391 19
491 11
335 21
349 15
304 28
263 22
387 50
526 53
193 31
480 15
466 12
263 23
297 10
443 26
489 39
347 36
533 45
340 16
587 59
163 28
188 11
373 37
433 36
577 18
542 47
213 54
254 44
401 32
159 44
161 41
568 16
156 38
483 17
409 12
476 24
226 41
574 44
193 29
532 57
154 14
318 43
420 52
592 60
362 45
344 10
443 44
344 41
216 28
367 56
477 45
198 49
324 54
358 58
425 29
578 18
518 33
284 43
362 54
551 22
474 20
547 36
402 42
429 56
192 25
401 29
267 38
152 57
547 31
411 59
248 20
558 53
163 21
528 13
151 42
449 43
455 54
382 31
464 48
207 30
194 12
367 36
480 39
478 15
322 21
475 59
293 11
591 43
559 37
507 40
227 47
358 59
423 50
327 10
262 27
491 37
308 27
397 57
280 58
203 46
325 36
476 59
345 32
575 43
450 31
518 27
522 37
538 17
305 14
450 56
159 30
235 59
510 30
332 36
523 26
508 23
306 23
567 56
562 44
596 18
235 14
235 48
393 45
422 47
385 55
159 56
435 33
551 58
512 12
299 43
164 23
190 55
553 35
388 23
546 15
218 24
289 40
481 28
462 19
503 38
542 37
478 27
195 39
362 19
275 21
517 56
479 51
335 10
522 24
459 59
366 12
551 56
314 41
405 47
357 14
337 12
349 16
295 45
373 22
519 43
150 52
204 19
410 60
354 12
203 28
360 53
179 16
578 35
263 55
316 45
495 50
541 12
160 47
357 52
180 51
514 52
403 36
198 36
418 25
576 55
516 25
161 20
439 39
343 60
583 45
319 28
383 45
217 55
432 40
270 58
187 41
216 52
185 27
452 44
178 13
460 56
210 52
358 36
512 24
352 37
498 34
320 43
519 52
370 11
494 23
460 43
579 26
424 54
209 54
191 45
261 18
225 38
392 36
541 26
560 22
487 42
367 42
298 34
355 52
295 46
291 44
252 55
220 26
189 58
313 56
333 57
208 25
408 32
542 27
513 58
224 45
165 32
369 21
507 60
184 31
367 21
591 25
404 48
462 28
412 32
370 26
313 30
474 17
562 42
245 43
597 58
192 22
175 58
306 14
394 35
581 28
246 22
445 25
260 11
531 22
341 35
219 13
351 10
480 19
386 55
369 41
592 51
533 33
516 47
185 46
458 48
290 35
303 21
274 30
286 17
588 21
174 23
408 45
552 48
471 58
332 44
384 26
424 48
446 58
369 26
207 57
251 15
540 27
317 37
508 60
551 33
517 33
531 35
466 51
245 23
346 33
345 59
273 53
329 37
451 14
407 12
152 45
460 22
256 21
197 20
336 46
357 42
577 27
510 11
335 34
318 14
261 33
277 12
363 24
353 13
592 42
291 43
546 32
468 24
316 53
320 14
501 50
590 54
167 53
361 46
331 12
437 29
291 54
479 56
468 49
519 26
319 58
523 53
250 14
484 38
341 25
600 28
331 35
394 19
411 54
386 17
195 18
554 48
463 24
506 30
434 50
403 11
436 24
396 15
416 25
250 21
348 46
459 17
574 18
393 59
297 46
357 24
353 55
307 50
300 46
435 40
316 31
330 46
376 38
256 44
160 60
236 11
244 41
154 26
158 33
495 11
177 37
340 54
551 43
284 29
184 10
574 54
262 43
540 26
236 46
575 21
347 33
191 19
558 34
541 12
293 49
555 48
158 43
319 33
414 52
342 32
390 43
333 40
291 10
203 20
407 16
442 10
469 59
323 38
453 23
155 14
278 38
572 57
311 45
550 43
582 20
168 36
571 15
216 54
474 47
150 18
189 13
490 23
327 38
296 27
265 43
330 38
337 11
590 37
485 49
504 33
462 35
205 13
277 34
325 53
257 59
347 16
289 41
237 11
242 50
231 43
234 55
498 17
415 18
439 24
303 48
268 49
376 44
402 47
384 51
326 56
266 26
581 41
564 28
550 16
460 15
214 17
313 42
418 15
286 43
298 39
457 27
431 20
529 16
332 19
262 43
572 31
588 30
179 16
230 34
456 35
356 26
194 49
477 43
589 41
584 37
306 50
418 21
375 15
259 33
533 40
587 39
220 22
505 24
445 19
263 26
494 47
571 59
387 55
576 45
294 31
242 34
498 36
249 27
176 30
580 28
463 46
383 32
599 54
586 43
213 48
249 23
351 10
451 51
475 26
230 55
538 21
323 14
385 48
274 53
407 22
452 48
409 26
520 12
563 50
521 16
356 23
447 29
168 29
575 31
580 44
598 11
260 30
280 13
431 44
171 34
188 52
429 57
372 50
315 24
265 39
509 25
587 10
415 52
245 16
512 35
483 42
561 55
320 59
153 42
520 36
429 26
190 24
558 38
413 43
279 52
229 37
255 54
231 28
208 15
588 40
196 52
340 18
491 13
515 51
268 60
384 51
222 33
176 32
444 37
531 30
424 47
425 55
434 32
590 49
254 52
418 28
295 12
373 38
284 19
505 39
545 47
502 36
540 47
239 51
577 46
365 45
272 43
498 13
386 35
570 38
212 32
545 26
253 19
443 23
180 55
278 27
302 36
417 48
159 25
249 57
342 51
413 13
315 55
154 57
529 28
189 18
554 33
300 53
519 17
400 15
411 18
313 48
224 15
470 27
534 34
498 48
171 26
246 52
226 16
582 23
567 39
152 28
520 33
466 28
197 15
280 33
428 39
240 16
575 58
167 28
598 15
311 22
226 59
328 47
153 10
566 31
301 18
303 55
371 27
400 21
237 14
306 49
593 44
359 16
460 40
452 56
367 20
508 38
387 24
485 26
453 53
425 37
217 37
475 40
228 43
598 14
195 14
278 17
182 31
343 57
538 38
316 48
294 25
339 44
254 46
165 25
597 60
236 44
353 23
344 27
552 24
594 20
295 26
491 29
195 17
349 35
163 53
412 46
380 17
509 40
449 54
183 40
319 29
197 58
504 52
441 40
281 17
381 15
342 35
267 59
206 16
228 20
538 14
372 46
401 30
456 34
168 45
554 40
555 30
254 29
391 54
204 60
300 38
264 31
596 17
313 21
200 47
333 44
385 55
257 31
360 58
299 41
583 18
312 60
540 47
342 20
474 14
390 43
474 23
276 44
533 42
590 35
484 24
386 51
522 24
368 53
336 30
443 53
451 20
181 36
275 10
371 57
502 17
598 47
535 33
485 60
597 56
389 47
485 59
230 33
357 34
367 29
393 12
173 16
187 39
423 53
193 29
260 38
389 33
164 13
513 29
407 39
495 34
186 41
585 48
285 19
170 44
213 20
386 30
490 43
309 43
458 28
243 14
412 30
433 27
156 28
346 11
283 56
426 37
477 55
424 57
342 13
445 27
551 13
347 16
594 52
210 42
279 16
387 12
237 56
207 44
210 19
467 25
224 21
348 57
508 58
432 24
312 16
227 44
573 52
548 17
154 53
242 51
564 57
332 59
574 43
526 33
182 24
160 27
376 58
462 53
285 47
581 31
227 58
363 12
240 37
482 56
323 54
443 44
240 10
488 11
400 14
406 34
565 43
326 36
368 17
507 19
493 29
283 55
549 22
363 48
309 28
332 29
464 35
348 40
341 32
495 39
547 44
159 11
157 30
424 24
181 39
273 13
508 52
559 16
252 56
582 27
456 12
328 54
300 34
273 36
252 18
205 58
214 38
407 22
331 27
469 57
382 11
485 54
159 58
429 29
558 50
391 42
485 20
283 32
408 23
434 50
160 38
270 35
318 48
379 58
285 30
243 33
250 23
456 57
502 29
165 55
403 37
392 47
171 58
532 47
399 36
593 16
362 35
477 23
352 58
306 30
163 15
300 32
460 10
434 29
400 26
286 22
559 44
197 57
388 34
503 31
503 54
263 31
541 11
406 24
399 56
309 47
227 11
411 21
578 54
151 41
483 10
162 29
302 48
399 11
152 38
253 39
462 22
304 22
196 25
352 22
232 47
158 50
347 35
175 39
473 45
584 26
491 16
493 58
271 60
150 35
477 39
537 49
411 22
477 35
223 49
155 39
160 38
281 53
193 57
285 55
201 32
563 16
460 48
211 29
293 21
508 32
169 48
419 13
264 25
182 43
516 32
279 14
374 34
240 20
188 53
178 46
394 10
257 29
336 40
368 48
359 15
288 60
505 24
588 15
320 28
176 26
467 39
512 38
503 25
164 41
516 43
349 17
470 45
384 29
375 60
197 28
524 47
350 11
260 36
300 12
390 40
572 29
512 22
432 28
441 25
235 47
552 20
363 38
341 44
448 19
387 32
360 57
263 53
397 19
410 15
214 18
176 11
548 15
556 24
350 55
283 30
253 27
569 46
527 18
458 36
430 43
165 24
309 46
550 48
180 39
462 37
178 13
584 29
278 47
345 38
228 32
551 51
229 23
494 44
497 59
398 17
437 38
172 36
293 16
475 53
159 60
238 39
243 33
190 49
535 18
579 41
496 20
591 35
170 40
379 26
489 26
253 17
525 33
497 58
195 59
260 17
520 24
377 51
566 38
508 37
522 27
449 14
536 33
522 56
378 50
294 24
409 57
226 23
354 28
487 25
539 12
536 16
292 42
473 40
369 58
335 41
493 59
323 47
375 12
450 40
206 43
434 58
484 22
297 19
412 36
566 40
435 46
262 34
515 28
461 30
428 46
193 60
360 54
