50 300 500
401 52
578 31
191 56
444 41
385 54
471 27
355 57
549 19
184 12
587 32
352 38
578 46
329 10
446 57
567 58
222 19
403 27
173 47
198 42
437 10
287 30
551 56
418 14
367 45
450 28
547 35
488 23
436 28
376 20
337 41
385 40
557 59
498 41
396 54
589 22
293 48
203 30
497 11
409 22
364 55
462 18
404 39
597 29
254 59
322 36
174 16
510 22
380 46
151 33
242 50
217 34
202 28
431 53
522 22
486 31
496 39
543 21
467 57
451 33
449 20
495 55
437 18
550 47
210 11
346 54
214 56
350 10
233 47
373 25
175 14
591 20
264 32
265 53
585 42
578 56
502 46
547 15
531 25
162 43
490 40
588 33
555 26
217 37
538 23
312 34
289 18
234 38
473 50
364 31
527 15
170 37
270 59
260 19
316 10
367 30
196 18
362 37
166 31
150 15
246 30
418 31
579 32
422 31
311 12
272 28
463 32
504 21
410 41
257 41
319 42
220 16
349 35
171 50
436 20
184 30
342 20
221 13
465 53
590 10
182 12
223 25
512 52
182 31
522 27
309 45
538 11
196 41
226 58
356 46
393 15
427 40
432 30
456 39
595 44
549 41
449 52
369 54
414 26
536 35
192 29
284 14
259 10
520 35
411 56
594 55
557 53
306 42
402 59
171 11
165 23
204 37
242 35
234 25
161 17
514 40
241 42
228 20
459 44
228 27
265 45
453 58
398 18
543 50
245 10
350 23
254 31
335 44
377 44
466 27
205 45
460 35
274 41
423 11
290 49
383 47
150 49
265 36
343 20
250 49
196 31
527 35
596 34
526 28
309 54
510 59
542 50
369 14
366 43
537 35
262 57
406 33
581 33
455 37
442 19
386 14
257 17
433 26
321 56
511 30
208 23
256 33
528 20
310 20
201 32
232 16
203 10
505 60
584 11
402 49
473 28
393 30
278 16
252 12
548 20
582 57
215 43
158 59
574 37
519 37
589 22
578 54
348 17
267 54
169 26
181 30
365 12
171 12
298 34
310 10
251 13
239 16
352 35
336 28
551 30
224 10
589 24
232 21
321 56
152 20
289 25
581 10
476 26
261 30
274 32
432 34
244 35
518 38
522 14
189 11
405 50
336 48
311 30
561 43
491 21
524 20
410 21
272 54
317 26
545 37
168 39
556 36
553 51
517 40
314 19
500 34
329 38
470 45
244 30
561 32
176 59
515 46
418 14
564 55
155 21
543 51
246 37
538 58
188 35
403 60
196 51
195 33
324 52
572 15
411 45
271 54
300 24
256 53
253 38
582 42
353 60
237 29
166 30
517 49
445 48
292 40
589 17
382 27
347 31
528 29
512 51
257 42
172 52
189 12
405 19
324 56
543 34
542 25
249 59
433 42
455 14
599 26
494 54
508 23
362 37
574 57
346 33
384 35
272 32
259 20
271 26
232 26
312 47
150 55
311 11
356 56
505 36
567 57
247 23
566 44
330 50
236 59
270 60
335 19
463 37
190 11
560 38
248 15
169 17
186 25
450 20
409 21
217 60
332 13
567 21
466 36
324 34
462 25
478 39
588 30
480 42
596 11
426 22
351 27
433 50
421 17
165 60
350 46
506 35
592 24
496 36
453 55
386 15
241 45
552 37
430 53
297 33
166 34
396 22
565 54
180 41
264 43
286 22
249 10
588 29
432 32
488 33
583 48
418 53
297 33
594 48
200 38
208 20
386 10
329 26
335 45
188 31
578 46
302 51
152 12
511 19
466 54
498 12
547 60
347 48
417 60
504 50
418 10
281 11
242 31
311 49
221 53
197 49
547 24
341 54
540 49
426 24
246 28
553 14
450 52
295 17
528 60
269 32
175 47
305 57
454 37
391 49
265 12
424 12
500 49
226 49
519 16
259 15
154 19
449 12
191 59
340 58
381 53
335 20
336 43
276 51
529 18
154 14
174 55
464 15
560 13
215 35
359 37
198 14
593 36
458 12
594 46
259 31
455 17
199 19
570 23
352 28
374 48
580 37
456 55
183 42
384 58
311 32
324 16
295 40
299 43
543 31
514 60
245 58
448 13
242 47
434 43
421 34
587 25
215 54
353 16
571 58
589 25
478 29
252 33
244 52
489 24
286 52
359 41
366 55
566 32
348 54
401 48
224 17
219 21
460 25
321 39
308 45
268 26
421 46
263 19
488 41
221 45
209 48
454 46
339 43
174 60
479 37
538 42
245 54
294 33
192 49
428 14
411 37
333 10
170 11
