50 300 5000
513 42
567 18
346 54
541 35
441 36
499 27
302 28
584 34
353 39
280 14
268 55
429 37
304 31
395 52
398 54
543 17
549 31
473 20
491 49
403 37
366 25
593 32
189 13
514 23
307 39
367 17
150 19
185 33
172 26
396 45
449 53
168 46
386 26
406 34
185 35
154 51
274 48
166 49
238 59
412 45
250 56
284 39
287 53
296 20
579 14
387 17
329 14
460 22
527 20
488 58
339 13
360 32
243 31
302 30
209 57
316 26
552 42
452 52
312 22
160 34
507 56
483 57
160 33
421 54
306 11
536 12
467 15
197 47
383 48
340 53
463 58
200 36
432 16
472 41
217 33
376 16
364 56
456 56
197 27
399 24
493 58
567 38
263 11
446 42
286 25
272 44
261 54
584 18
565 26
519 51
157 48
421 41
170 21
301 24
599 40
324 29
517 57
448 23
252 46
521 23
333 16
519 32
437 25
370 42
235 53
281 15
304 60
514 32
316 23
469 25
151 27
289 34
205 24
198 47
407 45
275 14
569 15
477 40
482 54
587 19
520 55
557 24
495 34
223 20
288 41
206 15
179 50
288 59
220 25
335 34
254 59
359 10
519 42
151 17
302 54
409 32
262 57
477 56
227 12
355 54
439 38
302 26
167 21
530 49
219 39
515 34
261 54
450 53
261 36
556 57
280 14
493 14
243 60
484 47
381 58
494 44
196 17
497 47
479 29
586 45
566 31
382 21
590 53
238 50
409 28
463 36
164 40
452 51
404 11
570 33
221 46
550 40
464 16
206 44
446 13
179 13
414 27
448 14
192 46
539 56
231 37
232 43
371 26
468 51
452 19
300 11
513 38
376 19
558 43
186 41
472 53
187 16
412 21
336 56
593 52
249 19
486 48
450 33
430 52
567 26
416 23
377 52
535 56
347 23
481 34
524 20
182 44
249 20
511 18
324 31
248 39
173 24
377 53
425 58
598 14
537 47
250 32
372 30
577 11
362 22
183 60
433 46
421 38
519 51
593 41
524 57
503 17
162 23
553 11
374 59
177 33
185 23
362 14
574 38
589 11
258 25
159 40
352 32
228 40
253 59
401 36
212 48
535 41
561 42
550 35
275 42
452 37
498 43
455 42
597 11
181 44
259 43
575 46
304 52
515 31
522 53
365 40
536 32
536 34
276 43
599 28
502 40
459 11
421 54
547 41
345 14
231 35
190 10
440 42
256 35
294 48
300 54
390 47
284 26
400 38
443 51
266 13
503 57
226 41
395 23
585 22
558 31
593 32
361 24
349 59
463 48
528 53
216 45
199 31
569 17
503 52
417 10
369 40
479 14
374 21
526 31
442 36
413 28
545 32
462 38
276 38
176 29
382 28
417 32
438 12
304 20
498 51
529 43
192 41
373 15
219 43
577 44
189 39
324 34
467 55
334 59
390 29
510 17
307 43
331 47
375 24
244 50
461 21
322 49
552 33
308 48
263 45
511 50
499 39
380 42
533 27
204 59
434 36
501 56
370 42
330 47
401 33
287 49
174 42
422 12
363 51
165 59
404 60
150 30
568 25
494 44
232 33
542 60
357 20
180 50
174 40
560 46
361 51
340 48
322 29
359 16
180 43
381 43
341 53
232 18
267 17
393 23
445 34
276 36
387 19
381 47
429 55
230 37
169 41
265 54
543 51
318 12
223 52
600 41
187 49
474 12
600 33
276 19
402 56
428 60
538 28
417 29
214 18
543 37
392 31
419 12
208 29
595 26
241 57
284 27
511 38
155 34
257 25
349 42
503 11
459 30
383 45
514 44
505 52
250 31
594 50
297 40
455 12
507 60
366 36
235 44
304 21
498 29
270 60
390 33
364 29
554 60
152 30
259 44
402 37
511 27
256 20
528 44
472 60
185 53
514 25
290 27
251 60
193 34
597 41
523 14
388 53
545 17
525 49
335 52
514 32
558 29
521 57
237 46
592 53
152 19
441 17
194 23
215 16
526 16
421 26
153 48
170 42
410 23
557 16
395 12
251 44
460 34
378 48
355 40
252 13
520 15
454 14
229 55
570 47
553 58
383 15
363 34
370 28
347 27
250 54
521 14
249 45
532 53
275 38
390 55
211 21
502 34
543 33
353 43
197 29
276 40
468 45
217 39
432 44
314 22
344 55
358 38
362 33
162 20
301 11
249 25
343 17
316 55
536 39
371 53
313 60
400 30
363 49
505 30
274 26
232 13
595 50
247 54
173 41
338 44
360 35
593 34
356 17
264 56
576 56
577 13
544 47
300 36
215 51
276 15
350 29
463 52
293 29
534 56
403 30
263 58
513 53
460 27
338 57
388 26
413 46
511 58
164 13
437 43
317 29
531 18
164 12
335 16
285 24
327 36
371 30
580 46
152 24
256 36
590 52
324 53
467 13
516 13
233 39
391 39
463 34
497 42
514 57
231 49
582 31
401 35
189 38
398 39
322 49
492 56
560 51
246 13
381 59
241 27
522 56
283 48
406 23
242 45
456 34
573 44
490 39
449 41
505 59
485 27
333 19
194 44
549 45
448 18
309 13
337 30
356 57
481 17
464 49
278 16
360 28
390 26
277 57
210 38
335 40
541 19
424 58
195 57
548 26
529 57
512 16
396 56
554 28
332 41
196 32
276 24
163 60
201 59
393 16
598 56
251 60
600 53
462 31
217 59
341 13
178 19
540 48
541 46
534 26
426 16
231 36
493 28
393 34
432 57
570 33
376 49
417 45
153 21
495 15
181 21
210 59
495 35
331 31
297 28
380 32
413 19
467 27
350 43
387 52
212 51
386 13
326 28
304 21
257 13
285 41
541 28
294 38
496 30
293 11
169 12
242 42
597 10
546 32
457 12
325 41
436 48
186 10
456 23
206 45
595 60
560 53
232 11
293 19
217 26
188 17
503 28
394 25
392 13
386 29
240 54
304 40
437 42
338 26
551 18
240 25
180 27
152 19
275 46
292 47
534 47
336 27
160 33
190 51
355 14
235 30
342 54
458 28
549 59
158 16
483 18
564 41
594 23
309 53
587 26
428 52
408 36
429 35
168 41
378 33
274 26
512 22
234 46
597 17
263 11
353 41
401 33
271 40
295 35
434 11
495 57
428 37
509 58
387 46
428 14
303 21
162 60
467 20
386 57
385 27
592 49
400 16
501 56
279 60
530 38
336 51
578 56
152 59
507 52
354 19
399 19
163 14
457 47
355 12
496 15
407 57
311 28
400 22
279 27
255 59
178 26
367 58
209 17
577 37
184 40
581 51
489 60
413 41
499 17
207 11
162 18
210 49
422 16
330 44
275 23
161 39
237 50
464 31
180 13
261 33
556 12
496 60
405 22
469 43
314 42
427 24
468 42
206 53
242 14
259 13
535 40
361 59
371 54
237 44
243 23
531 33
276 43
204 36
232 28
264 31
522 19
174 37
192 50
445 46
531 15
400 10
538 13
365 12
554 37
315 54
353 35
253 32
179 60
230 26
340 49
290 25
322 41
319 41
348 24
335 29
496 53
212 42
519 40
259 37
225 43
545 12
205 49
321 20
168 12
546 12
261 33
391 15
537 11
335 41
457 54
589 41
341 35
209 53
178 20
589 18
408 30
579 34
376 50
552 33
577 60
496 25
208 40
387 44
348 20
565 49
463 42
543 30
343 57
559 45
183 52
518 26
388 54
179 12
478 14
261 53
530 10
444 52
441 13
569 36
212 10
518 11
245 37
561 28
284 20
195 45
246 35
242 22
554 15
229 30
262 12
546 44
295 14
283 27
579 58
269 52
296 57
418 17
343 46
311 58
474 53
397 11
499 48
537 15
581 48
207 37
447 11
398 59
173 24
502 50
371 54
556 56
370 20
360 23
265 25
522 28
428 17
391 60
261 23
257 38
323 43
224 28
210 14
424 41
324 40
155 26
241 28
386 56
154 51
184 49
352 19
280 10
383 55
260 57
568 55
294 38
545 21
317 39
349 42
243 56
515 57
535 58
317 18
215 11
393 51
292 42
184 47
457 34
289 45
441 38
466 58
160 58
567 24
530 51
559 47
530 31
351 35
491 52
566 25
341 24
581 42
200 45
173 32
459 33
428 48
438 39
415 42
169 48
352 28
559 12
258 30
593 24
301 37
244 22
220 43
588 39
310 30
272 48
158 31
400 42
359 25
192 36
560 44
403 29
305 53
425 11
165 55
418 32
167 13
156 32
284 23
295 41
469 46
236 46
484 32
582 51
345 35
323 57
356 43
167 14
398 16
266 11
160 52
367 35
277 17
459 60
451 26
288 29
168 23
496 12
329 27
267 48
446 60
154 41
358 40
527 57
547 19
290 19
236 23
533 35
267 40
245 24
579 54
268 33
464 28
529 53
509 24
319 42
421 24
155 37
336 35
460 36
349 60
544 11
598 22
447 10
462 13
476 28
532 35
486 45
265 56
299 23
183 10
415 21
560 39
161 46
437 42
544 56
483 34
202 29
318 57
271 43
219 25
161 52
419 51
322 46
233 50
332 59
341 58
152 52
200 43
434 22
394 16
437 53
316 59
165 19
265 50
153 43
509 46
537 33
383 45
261 33
463 57
375 40
451 57
312 59
222 28
218 30
552 59
160 51
372 54
314 26
590 18
478 42
244 60
524 45
188 43
370 54
276 33
218 43
566 41
224 33
515 59
426 21
564 16
164 28
324 19
599 31
566 19
470 59
183 50
591 46
283 22
494 26
346 53
278 45
355 30
413 22
206 36
567 39
183 35
405 34
443 23
437 14
489 46
416 32
510 43
372 28
415 37
321 19
165 11
523 12
430 50
418 47
335 59
423 51
419 12
560 49
341 59
363 11
582 12
284 33
516 15
440 32
560 28
477 60
495 55
523 44
313 24
411 30
169 16
549 25
226 58
434 44
507 18
244 29
490 43
208 23
178 32
330 49
210 28
268 49
562 37
548 48
343 10
151 55
447 41
302 21
341 25
360 14
391 22
362 41
301 53
239 23
418 52
215 58
355 27
433 39
214 15
251 59
197 40
193 38
400 14
537 10
211 18
152 44
266 57
166 51
326 47
567 16
485 24
311 21
244 53
279 25
342 25
566 57
473 10
355 56
359 43
438 45
355 21
423 35
170 31
445 32
506 13
166 16
542 22
385 39
337 59
281 40
218 57
502 20
151 53
183 27
259 39
508 59
393 44
365 60
558 29
177 50
584 34
248 12
440 43
520 41
550 22
486 31
557 51
481 28
380 23
192 56
448 46
517 20
363 16
596 41
351 42
171 38
180 53
251 36
473 27
380 43
515 36
257 25
461 28
299 11
385 57
583 34
454 35
504 10
510 27
419 59
465 14
222 42
200 26
422 49
223 45
280 33
358 20
399 52
269 53
318 12
243 33
339 58
239 37
275 45
291 37
590 46
414 30
310 19
441 18
231 30
420 27
429 33
557 13
492 43
369 29
411 27
447 15
557 27
155 34
546 33
443 56
312 13
415 17
162 31
190 56
393 13
494 45
296 46
304 51
469 30
159 16
274 12
250 36
161 10
251 22
190 40
329 27
372 36
303 60
490 33
369 41
556 18
302 33
469 17
308 20
374 19
234 52
467 45
424 18
220 29
385 28
547 10
436 14
328 46
205 21
356 46
600 50
498 51
344 15
531 18
588 21
219 14
403 58
535 59
330 21
542 48
298 56
315 40
195 57
170 60
548 60
171 12
501 50
203 48
358 38
161 55
319 51
345 19
377 13
492 23
536 50
358 11
300 21
202 46
320 34
360 35
416 50
561 28
562 15
201 47
237 38
316 30
272 18
277 18
223 12
474 40
391 44
483 14
492 49
386 58
372 24
271 42
523 60
395 59
359 50
281 51
407 55
287 23
293 27
236 30
372 51
396 44
347 52
216 38
171 33
338 46
330 54
394 46
352 51
413 30
370 10
477 19
313 14
263 10
396 26
243 42
422 22
540 19
177 40
574 12
315 42
168 45
515 22
488 34
510 55
158 23
369 40
370 57
361 34
198 14
481 28
167 46
314 52
440 45
424 54
433 32
282 26
347 21
376 43
182 24
528 21
520 19
304 39
158 58
264 29
359 60
406 22
266 52
547 47
310 37
520 32
582 44
184 21
414 12
218 56
154 39
453 13
507 13
161 21
382 11
509 14
274 15
359 25
340 27
483 37
380 31
420 60
426 28
282 35
359 46
551 55
346 12
568 50
356 22
548 39
383 29
566 16
583 33
326 31
534 36
494 41
239 26
566 55
479 58
594 22
215 11
288 19
583 48
519 54
196 25
585 18
356 13
317 25
240 52
555 42
178 23
285 25
177 35
316 42
402 20
575 53
190 22
547 30
381 56
354 42
598 11
598 29
267 11
382 41
426 34
305 10
360 38
357 33
160 11
213 23
283 12
574 40
292 34
168 27
200 55
283 39
557 51
420 60
462 39
161 58
481 30
392 42
405 52
383 26
302 30
545 35
325 44
591 46
518 52
188 58
153 24
548 45
392 59
311 55
477 26
330 60
234 13
574 35
269 39
596 36
533 11
316 17
430 48
534 14
304 16
516 52
348 32
259 43
235 36
312 38
197 44
298 52
411 37
538 35
404 24
258 32
220 53
312 57
294 49
372 12
566 10
352 10
277 44
219 30
181 12
321 28
246 37
450 38
491 55
196 53
166 50
380 56
543 23
385 46
263 18
453 48
379 30
241 49
443 18
528 28
204 41
494 38
569 19
519 58
548 12
260 22
283 42
206 37
416 50
236 52
470 37
250 49
179 48
357 30
534 50
582 27
419 29
227 29
313 47
561 22
417 39
153 45
151 21
596 16
447 22
528 48
260 21
290 16
574 44
200 16
562 36
295 15
371 51
198 19
330 23
536 34
184 10
152 54
368 27
543 47
366 22
164 41
420 26
447 47
371 52
499 21
453 20
424 22
444 49
265 45
450 35
186 48
581 21
156 34
296 32
154 48
237 55
541 22
422 23
233 51
181 32
193 28
545 32
511 31
289 12
416 28
269 55
510 26
536 45
285 22
275 40
243 45
405 11
516 56
175 49
440 22
491 16
315 24
327 11
574 27
465 43
219 16
266 52
519 57
375 29
198 55
488 26
288 25
284 59
559 13
259 13
472 60
327 57
224 44
494 54
554 24
284 20
577 28
325 12
327 50
358 10
573 52
326 47
572 52
279 14
279 16
179 21
501 18
225 14
217 50
533 52
486 27
466 35
221 22
498 51
544 41
582 30
498 12
301 54
582 52
510 59
275 41
343 59
345 51
373 19
159 25
506 11
269 58
406 51
325 56
532 39
561 52
185 46
342 60
454 34
214 17
291 24
255 32
298 18
320 48
191 22
520 40
192 21
457 16
411 53
446 58
333 24
152 22
535 49
296 50
573 23
220 47
296 31
471 41
583 29
204 26
154 32
599 38
478 51
486 10
175 44
593 57
321 35
540 58
452 20
170 27
332 15
253 36
403 53
463 58
310 53
327 58
426 41
308 43
452 52
245 39
454 11
289 27
573 32
206 56
512 43
166 58
241 56
550 17
157 22
380 51
467 51
437 53
477 56
593 56
334 24
320 13
560 54
222 31
194 26
232 59
293 43
192 12
284 28
254 15
517 15
346 58
314 19
480 47
344 57
516 35
519 14
212 40
530 41
359 26
406 37
474 13
290 12
244 12
415 17
273 43
600 56
388 51
373 47
434 29
411 38
178 20
225 21
554 45
330 19
225 43
487 38
265 41
524 42
456 17
330 53
193 30
483 45
191 58
247 30
327 32
291 20
446 39
387 52
576 51
527 51
202 10
156 29
254 43
428 44
282 56
472 14
549 52
335 33
527 49
390 56
241 17
438 36
508 19
211 34
549 38
317 11
294 15
255 53
291 49
587 59
361 11
234 56
362 48
205 43
442 30
380 10
317 54
200 48
516 51
243 35
237 16
319 39
205 47
389 59
534 56
511 19
344 25
538 10
267 42
469 20
238 10
558 35
511 10
343 47
410 26
405 28
555 28
485 14
525 58
249 40
529 57
564 47
449 41
164 36
390 11
230 38
287 28
303 19
495 32
421 25
317 56
266 40
449 45
396 45
250 30
198 44
236 19
418 14
322 45
388 22
167 30
578 16
540 30
417 39
481 49
412 42
179 31
328 39
306 18
257 53
266 41
529 34
528 47
545 54
468 25
345 46
233 56
345 24
580 30
584 57
244 37
557 38
568 18
152 20
286 36
501 42
368 23
321 40
256 47
403 41
196 48
572 35
153 37
339 24
308 20
473 27
420 15
425 20
260 30
574 46
479 34
227 27
189 15
558 14
334 36
234 10
190 42
518 60
236 13
250 36
161 30
586 60
564 26
168 47
395 39
376 43
238 56
511 35
524 46
192 29
413 46
504 29
267 17
571 30
229 17
552 27
316 44
573 34
318 40
196 35
326 23
595 12
381 59
197 42
480 60
194 13
480 45
434 12
588 40
202 60
250 52
150 56
433 13
534 54
467 22
412 33
379 28
176 19
313 24
311 18
508 48
578 20
592 40
213 51
564 19
168 11
257 18
398 45
489 55
460 36
468 31
433 10
239 51
161 52
558 46
161 36
483 54
193 55
525 15
589 19
438 10
428 13
545 24
558 13
395 37
530 50
527 25
506 34
379 26
301 10
349 21
549 11
266 40
190 38
366 31
189 10
325 44
472 40
594 52
179 29
334 15
317 48
374 21
337 60
379 38
355 53
173 40
471 53
592 47
286 18
213 44
462 20
551 19
223 42
448 16
480 27
160 12
476 33
389 29
291 47
410 12
494 17
544 39
532 37
447 52
355 56
294 50
464 25
265 31
391 52
267 46
516 40
284 31
423 52
309 15
558 42
189 40
525 11
376 55
542 50
344 27
396 16
243 10
377 27
401 19
471 31
341 50
184 31
155 55
342 14
206 12
596 11
579 15
547 32
508 15
181 23
521 59
166 36
543 55
485 59
597 16
560 14
400 46
483 30
248 47
359 52
512 39
383 57
429 56
430 40
167 50
240 26
265 40
365 45
259 16
181 28
228 55
432 33
168 47
172 46
276 45
332 53
582 30
280 14
379 21
297 36
296 59
425 59
282 31
589 57
225 12
169 50
451 38
330 38
348 51
429 40
360 27
390 29
595 27
356 13
387 29
198 36
399 38
174 56
421 39
195 42
277 38
304 25
560 56
253 47
439 47
477 12
351 43
582 21
295 42
281 13
420 44
309 17
495 15
384 26
316 29
492 35
573 41
393 53
166 17
230 12
242 33
435 33
298 18
334 12
225 19
377 35
334 54
425 13
330 57
221 13
254 50
596 60
476 10
596 47
416 26
306 12
576 29
156 48
571 46
290 41
575 55
428 51
475 15
231 41
565 56
311 12
219 60
202 34
409 32
282 60
334 23
214 10
555 29
429 42
373 23
359 27
368 17
558 54
457 19
582 40
476 27
516 45
352 49
294 44
184 57
295 13
442 49
594 26
490 24
331 20
176 15
521 37
386 34
345 36
574 47
444 46
208 17
333 37
273 47
561 33
512 46
256 15
559 14
280 35
404 52
251 25
234 10
510 15
240 11
203 39
415 40
386 43
364 10
349 49
413 42
238 39
290 30
378 30
474 40
326 53
186 23
467 16
574 10
326 37
217 59
277 38
277 13
520 51
201 30
361 48
274 16
399 23
589 32
177 24
169 29
596 50
301 44
176 10
519 12
518 46
576 59
302 38
387 10
370 29
438 13
538 19
336 36
441 12
204 37
295 24
531 17
265 16
446 16
407 58
461 10
398 46
178 49
249 22
276 35
519 37
561 13
449 46
349 55
466 23
310 29
270 58
569 49
263 53
237 27
210 41
529 59
350 37
331 43
562 38
282 40
427 48
435 52
348 41
390 51
473 58
168 57
323 58
172 31
491 41
426 38
400 12
477 50
279 16
382 18
501 43
178 29
167 60
518 50
455 49
485 11
331 51
537 43
354 49
196 23
208 34
515 46
252 33
385 44
468 39
340 15
240 56
346 43
223 26
155 31
471 52
282 35
540 33
466 25
224 50
327 50
229 35
234 41
402 22
286 17
315 22
232 56
249 29
246 25
533 15
246 53
226 54
574 55
410 52
223 48
215 52
224 48
323 30
419 39
399 51
496 11
163 38
368 59
300 22
427 19
467 21
166 46
526 13
356 58
173 59
215 19
188 47
191 50
509 46
277 10
237 21
215 38
468 60
395 13
380 33
200 52
427 19
529 52
433 19
358 58
577 27
511 57
323 16
515 53
444 29
309 11
575 16
309 51
554 36
562 23
467 34
207 14
301 12
499 48
238 13
565 44
484 44
262 38
331 29
317 52
482 12
211 50
546 51
323 45
450 44
509 40
287 50
437 54
372 36
284 49
474 22
486 27
457 37
246 56
459 44
439 45
408 27
427 44
276 26
284 49
171 30
485 21
458 29
288 16
425 36
353 28
374 51
388 17
433 34
408 35
419 59
487 57
225 12
220 44
177 40
393 39
217 55
229 41
172 19
392 10
444 28
472 32
511 24
434 12
374 19
532 39
220 43
362 23
150 55
264 12
392 17
597 21
181 54
234 43
505 44
377 60
560 46
379 51
323 47
165 60
199 18
361 52
504 19
496 28
183 13
371 13
281 12
407 22
278 17
334 47
220 54
569 55
573 41
380 12
381 41
460 43
220 46
511 24
421 12
478 49
442 34
499 19
523 27
431 30
222 20
219 10
331 19
345 12
361 45
310 36
503 48
323 30
553 48
493 32
467 57
180 23
257 57
318 47
504 41
249 24
256 54
265 59
351 60
214 50
581 49
503 58
582 36
596 28
412 35
340 10
464 22
194 46
357 25
346 43
163 24
221 53
490 19
208 39
175 36
574 11
285 45
163 49
293 41
533 13
555 39
174 27
473 55
175 59
334 41
294 37
272 29
410 40
414 43
486 32
159 22
332 48
523 16
202 29
339 13
229 30
297 30
388 43
248 52
587 13
469 50
317 59
254 56
312 39
163 14
335 58
481 45
309 12
476 11
227 39
343 51
506 35
559 23
246 22
445 19
473 37
159 46
491 53
222 54
265 18
451 35
471 15
160 33
210 58
419 36
153 16
532 26
164 33
181 45
281 57
433 11
389 34
540 56
253 17
159 57
579 31
446 55
535 14
229 20
541 50
544 38
331 59
423 49
212 54
174 47
299 22
220 16
438 25
515 22
209 54
539 11
437 39
547 58
402 13
166 51
301 39
169 56
360 43
598 30
569 11
249 45
439 45
269 12
393 30
554 46
563 19
539 31
348 38
255 57
488 48
175 48
437 55
281 53
408 46
460 57
341 59
300 52
373 30
588 15
317 17
444 57
218 34
568 47
567 10
480 37
401 40
231 23
400 29
415 59
161 46
600 19
155 38
356 11
482 36
412 17
280 42
526 32
458 34
369 53
536 55
153 59
496 31
417 27
454 56
240 49
452 39
469 19
563 50
369 47
497 30
207 47
300 51
295 54
328 41
437 54
280 39
172 51
304 60
404 34
553 59
460 19
376 15
313 24
289 37
262 14
560 55
176 31
336 53
398 14
213 35
265 34
356 55
583 54
497 51
436 48
520 33
529 45
559 20
446 59
583 21
360 58
345 25
207 21
590 44
240 25
539 10
545 58
475 55
428 42
236 28
320 29
253 46
211 22
530 36
220 22
525 17
575 58
509 24
488 17
183 36
448 38
373 46
503 22
158 57
322 16
253 26
269 26
273 15
477 25
409 37
600 20
405 10
175 34
445 28
258 20
417 56
328 35
427 31
317 10
245 25
453 56
475 58
384 41
257 27
466 46
488 33
422 33
350 56
266 55
342 51
475 36
177 39
505 30
559 23
438 40
581 17
187 49
438 52
385 24
433 51
451 45
477 35
271 21
152 26
341 18
498 52
376 36
349 10
367 11
585 31
581 16
327 37
494 56
538 53
252 43
173 42
404 43
574 35
157 55
550 48
561 18
233 50
484 25
262 16
397 16
397 54
315 22
361 29
538 42
408 48
550 14
507 28
171 25
478 56
175 42
278 45
505 55
430 27
394 54
548 26
415 44
395 11
436 19
156 41
471 34
325 12
211 37
196 42
309 13
393 25
532 15
571 47
275 28
556 22
154 32
551 17
409 39
328 48
355 37
291 26
429 21
433 14
196 33
570 27
167 19
164 25
590 51
162 47
379 45
198 26
476 20
166 38
289 60
405 60
386 17
393 53
393 34
508 20
497 14
585 53
282 17
165 57
444 42
234 17
254 26
376 30
329 26
197 19
282 13
306 14
181 19
598 37
305 32
551 56
444 20
401 55
265 51
427 60
570 21
595 58
308 16
598 27
165 54
522 24
549 24
531 13
510 54
271 23
431 12
589 31
226 46
316 58
555 58
243 58
478 35
263 40
375 25
249 38
459 42
435 12
361 33
434 31
500 42
539 37
286 11
215 15
341 24
467 46
199 53
403 51
345 12
188 60
466 14
288 58
480 22
391 12
428 39
188 25
373 13
217 43
569 55
321 25
282 14
495 49
520 28
562 19
503 53
344 58
178 37
441 23
436 32
242 29
341 43
302 38
503 59
383 33
308 43
260 57
194 32
292 58
558 54
556 52
323 27
267 26
202 29
310 28
157 49
371 46
369 10
292 41
229 36
352 36
503 13
455 24
267 59
263 15
593 18
167 36
285 18
352 29
256 30
273 59
326 33
540 36
323 48
347 26
412 45
435 21
550 46
509 40
484 35
266 22
411 46
154 56
314 42
244 50
193 36
596 12
347 15
520 14
252 38
337 23
371 57
599 29
241 54
594 60
304 36
327 48
357 44
507 10
442 24
492 18
455 22
343 55
209 51
330 34
368 37
551 45
442 35
458 41
467 58
266 10
573 56
180 41
527 46
503 57
279 26
176 15
545 26
397 34
206 38
304 45
559 56
414 15
378 59
381 28
484 49
392 13
440 52
481 39
193 57
598 36
534 46
340 15
538 19
382 20
474 10
239 31
487 38
252 15
409 34
452 10
396 54
533 29
228 41
465 10
351 50
218 36
505 49
466 21
518 47
506 47
169 31
355 17
350 37
254 33
431 35
253 36
458 13
502 43
524 57
273 39
494 57
264 14
492 25
296 27
574 53
297 30
393 43
312 48
592 16
391 31
545 20
452 11
502 59
412 28
444 52
304 16
474 58
522 22
549 58
491 20
311 19
560 44
255 12
252 38
580 50
245 16
422 18
248 29
527 39
509 19
537 23
478 34
501 29
316 57
566 27
575 50
481 53
389 22
276 48
252 42
547 35
307 41
271 18
266 30
335 39
185 14
566 51
198 15
240 26
259 17
538 19
476 12
426 21
559 10
437 49
421 35
587 55
211 58
469 30
305 34
215 26
415 51
316 53
457 50
590 16
569 13
392 57
455 24
206 51
274 22
348 58
460 51
216 12
365 32
430 44
560 23
159 43
187 44
426 11
373 41
438 21
335 31
268 41
587 38
216 59
398 24
240 58
312 19
169 12
164 60
553 44
544 44
177 39
518 46
497 57
202 25
249 51
199 35
164 20
166 35
590 29
599 13
483 46
172 33
174 18
333 15
199 15
519 23
594 24
491 15
360 47
336 60
398 22
518 56
448 43
593 15
498 49
600 22
598 24
480 54
528 46
524 53
524 36
298 13
254 49
299 23
531 55
402 23
158 56
571 50
489 19
442 50
542 20
357 33
345 10
599 27
453 49
176 45
346 58
176 19
426 47
275 41
246 48
453 18
587 23
597 46
543 29
508 27
556 41
562 29
468 12
500 29
522 13
337 49
187 59
322 30
549 14
231 27
444 41
283 12
449 46
552 50
364 38
415 57
244 13
258 30
204 17
340 39
190 42
465 45
503 21
467 42
477 21
343 30
559 18
251 38
426 34
583 58
346 29
389 46
569 14
438 42
345 50
341 33
488 49
439 21
507 27
460 10
569 46
590 35
321 30
464 12
386 36
540 15
192 50
526 42
515 42
354 38
325 39
161 48
542 60
374 35
511 30
277 32
532 53
484 43
497 60
397 57
417 24
501 23
344 35
500 22
284 12
347 28
166 31
393 42
241 55
291 37
565 59
373 24
342 34
186 28
389 13
277 44
206 60
200 13
348 42
314 58
418 10
244 25
466 31
296 17
213 45
507 58
407 10
181 47
412 47
491 60
246 46
189 27
298 34
465 40
258 53
529 33
231 53
351 10
356 47
567 15
266 26
510 59
201 39
260 51
436 37
422 10
195 12
247 17
231 49
321 55
407 29
275 35
155 53
265 11
226 56
456 36
441 50
437 43
263 50
448 51
239 33
332 33
200 34
377 45
561 19
478 56
418 16
424 15
302 16
318 42
152 57
452 38
524 46
188 55
230 56
357 53
576 29
472 34
574 26
321 58
534 16
534 21
381 48
543 17
497 17
325 13
437 31
327 51
278 20
227 18
376 34
315 10
436 27
397 60
440 27
262 10
508 58
374 21
220 36
543 41
530 15
317 19
356 15
201 25
430 42
172 26
216 36
305 53
202 20
257 56
590 24
221 25
302 38
579 18
284 17
451 45
306 52
589 45
493 35
495 16
224 58
579 18
180 10
378 29
579 33
174 58
306 45
162 47
211 38
210 20
361 46
434 60
478 26
290 29
336 21
311 39
528 30
285 50
521 36
253 11
525 60
380 30
362 55
368 28
421 32
220 60
453 58
482 20
337 32
493 11
534 47
228 14
217 35
323 59
443 30
189 59
298 49
406 21
278 15
280 16
343 11
415 53
256 45
364 48
595 38
536 39
317 13
190 25
514 38
180 16
182 49
395 23
342 29
483 13
582 18
545 49
483 53
387 13
474 52
221 10
239 42
377 21
557 15
280 29
506 24
407 43
478 39
561 42
168 31
345 44
555 50
430 35
332 54
522 12
577 28
379 24
325 43
305 25
262 19
508 10
325 32
340 51
157 18
154 13
571 60
587 20
295 48
342 12
343 22
191 37
472 21
360 56
225 29
344 15
449 48
288 43
260 57
511 26
416 31
223 23
227 27
399 30
330 49
416 41
226 33
280 52
234 52
417 14
450 13
458 39
390 58
583 11
563 13
471 19
312 48
558 49
290 23
453 56
331 52
160 59
221 49
231 46
450 54
197 50
249 32
500 32
245 14
569 33
429 19
346 27
377 60
598 41
505 25
218 29
285 53
569 15
213 14
485 28
274 38
416 18
187 36
454 32
156 38
447 25
211 54
207 39
477 43
238 60
486 58
471 39
324 20
328 33
437 20
244 25
224 43
310 32
463 54
488 56
599 41
394 44
324 44
199 32
520 19
420 37
485 42
250 53
215 52
314 19
466 43
191 27
280 57
491 16
474 14
351 52
455 15
430 50
329 28
519 23
458 45
268 60
533 33
300 13
222 19
365 48
456 26
383 30
481 59
184 18
302 19
206 43
348 29
411 20
586 35
190 42
233 53
167 56
391 18
566 20
337 57
320 34
153 19
381 29
568 42
598 50
364 50
282 12
170 23
293 56
532 53
415 24
366 11
263 53
355 10
544 41
226 51
359 38
327 37
542 53
395 34
307 44
188 34
484 30
506 16
234 22
157 47
225 12
158 57
368 23
302 28
561 11
435 33
348 24
342 54
285 24
442 32
521 37
307 23
264 46
286 50
516 39
263 23
464 37
262 40
246 31
161 58
376 37
405 15
432 26
486 48
544 50
541 48
471 28
600 58
182 39
386 38
487 45
235 26
232 41
426 48
495 22
299 37
317 37
215 31
297 24
272 54
529 18
240 41
290 47
322 50
385 14
308 49
512 55
495 45
166 48
223 53
384 56
214 37
337 14
272 17
570 52
454 23
339 55
414 59
343 51
186 46
500 21
282 58
514 27
192 12
229 32
533 58
540 31
279 12
219 39
252 53
421 38
453 19
365 12
438 24
471 49
292 59
493 33
323 48
165 50
225 53
216 29
150 60
221 10
298 15
248 55
268 10
274 42
198 22
233 47
198 24
164 47
380 60
449 51
365 51
420 39
244 60
151 18
528 53
453 21
433 14
596 52
214 55
265 60
334 23
322 59
528 21
284 37
449 36
530 35
455 37
390 54
317 27
404 11
259 35
501 55
362 32
474 28
501 23
188 23
360 46
334 58
352 15
345 29
323 50
293 48
559 24
237 19
498 53
482 17
347 12
190 59
517 31
534 54
171 32
600 53
523 49
572 22
539 56
435 35
378 45
359 23
314 26
305 40
189 55
267 23
511 31
321 29
569 29
390 19
481 40
235 41
518 44
461 32
296 15
198 10
192 36
427 45
214 54
473 39
300 29
266 14
252 58
534 13
571 34
239 51
284 13
165 48
342 43
335 16
472 50
569 23
216 35
439 43
200 10
184 31
346 44
160 35
591 37
195 48
525 29
335 18
359 60
476 51
196 29
443 27
449 39
192 15
206 50
427 42
337 28
413 24
473 30
494 44
461 27
434 58
237 26
309 40
309 20
594 20
232 55
542 16
202 27
273 46
378 42
449 22
581 54
297 24
519 52
399 12
290 50
547 47
323 57
447 18
353 38
584 10
275 55
446 25
168 34
248 48
316 56
554 38
562 23
467 18
580 12
395 18
383 22
342 16
329 43
174 36
493 46
519 12
429 18
158 57
432 19
461 54
279 18
266 15
466 24
280 51
559 39
590 13
190 23
403 14
161 19
388 32
501 54
526 11
393 56
345 18
417 27
331 49
528 57
329 44
206 19
211 11
546 22
507 53
427 28
356 53
527 16
156 43
274 20
256 57
335 23
200 60
500 11
570 12
504 48
417 37
220 36
357 52
170 31
391 35
350 32
172 54
509 32
292 24
323 53
293 47
303 47
355 21
166 57
436 28
188 57
192 45
192 30
223 45
342 54
420 42
229 39
366 55
255 36
235 25
568 50
355 20
593 14
466 52
420 52
486 50
553 22
445 57
491 58
303 57
180 39
513 29
547 40
398 37
215 57
209 27
359 46
280 15
498 17
176 13
590 57
469 17
547 60
328 45
329 40
204 31
384 31
237 41
462 13
485 23
314 14
155 44
202 49
548 11
515 13
552 58
328 24
544 36
289 16
360 60
272 35
567 42
278 12
214 36
228 54
370 37
475 33
312 35
233 38
213 33
335 40
571 11
547 32
502 11
265 40
420 25
260 26
180 51
217 41
359 18
220 43
541 49
155 46
225 12
201 28
250 16
405 40
259 56
154 33
509 38
153 24
428 55
286 57
344 47
351 36
199 59
258 17
339 37
457 13
353 13
488 22
579 32
479 45
501 60
539 14
329 10
385 29
240 26
321 54
362 59
367 15
469 50
402 25
352 51
407 25
210 31
586 15
229 49
260 15
557 39
581 20
285 27
246 28
249 38
495 55
181 37
439 11
228 50
276 11
424 52
189 10
354 32
507 38
326 10
328 56
168 14
433 14
402 19
284 48
522 41
549 15
168 49
454 42
388 51
214 36
252 10
167 32
186 50
430 17
382 16
199 23
541 24
401 42
471 15
245 56
214 31
351 15
249 38
301 14
469 48
537 33
156 39
164 34
582 32
311 27
481 40
430 43
326 43
383 53
561 35
499 56
388 19
482 17
370 46
153 57
494 58
589 44
160 23
435 31
408 44
396 53
546 15
489 33
346 22
287 55
361 59
419 25
255 24
261 43
203 31
555 45
588 34
547 26
154 55
507 18
182 12
193 43
567 11
434 17
515 42
225 41
168 35
546 56
201 42
417 35
387 50
240 13
475 44
456 39
429 19
163 22
174 43
555 39
585 49
260 17
167 54
333 16
458 24
192 30
535 33
302 56
316 33
209 52
307 10
504 43
200 58
296 47
166 33
209 41
594 38
360 32
386 48
395 39
431 24
306 25
451 18
557 27
564 36
442 22
442 30
305 38
297 56
568 29
168 33
493 42
162 41
201 46
264 19
559 15
157 60
316 10
290 22
467 11
412 55
214 10
369 44
431 48
477 52
304 11
175 24
350 10
560 33
275 11
524 52
389 14
337 50
521 33
380 11
508 55
532 47
435 15
392 15
235 52
587 42
494 33
163 55
536 29
483 32
370 11
341 46
220 14
273 27
314 16
280 24
425 36
164 31
297 51
162 12
540 44
394 24
470 33
320 16
355 25
326 22
546 49
563 32
167 41
240 58
577 53
316 18
552 26
483 16
442 60
217 54
268 57
237 29
595 18
151 52
493 38
433 14
259 56
530 42
434 44
414 20
385 39
592 16
155 22
154 10
541 14
395 11
404 33
363 58
424 14
440 22
431 41
245 21
389 32
404 16
386 20
547 23
478 19
438 28
568 10
440 33
328 29
568 10
414 15
488 35
523 44
206 32
159 26
475 38
239 29
290 52
191 33
431 60
300 10
272 17
297 14
376 59
457 38
510 15
367 45
589 37
348 55
380 25
304 44
401 34
163 12
447 22
267 17
215 11
332 47
324 50
186 16
291 53
529 32
421 21
523 36
481 10
164 48
534 59
494 37
306 29
153 40
220 33
336 22
155 38
345 14
170 43
499 37
511 48
393 44
375 24
187 23
206 11
475 37
320 27
307 20
241 59
319 45
382 10
529 28
534 10
387 26
160 54
438 26
158 31
558 48
184 46
501 29
297 36
260 55
376 58
207 30
459 48
551 30
583 45
385 45
416 40
343 34
396 39
190 40
321 50
335 14
493 55
461 52
233 31
318 29
543 32
175 40
584 27
174 57
241 12
412 14
202 12
171 54
574 26
356 10
165 28
530 20
456 39
560 59
423 21
467 39
250 39
344 46
389 18
426 40
563 57
249 15
463 17
240 57
213 60
560 18
151 26
184 59
518 14
453 57
524 15
376 18
369 25
465 37
202 15
585 24
446 59
180 12
156 59
433 20
481 15
425 25
527 24
362 48
404 18
467 54
192 36
247 15
365 43
192 46
166 11
377 14
308 59
428 13
488 30
469 25
242 58
534 20
310 30
207 21
559 51
550 28
335 45
560 52
384 39
322 11
385 35
249 14
170 48
338 18
256 41
197 14
531 31
163 27
485 49
452 36
258 43
575 59
522 33
261 47
570 37
371 55
508 50
165 51
245 53
281 23
440 53
359 19
429 29
288 20
504 43
317 51
281 59
455 48
509 38
260 59
193 17
528 25
230 33
388 44
523 49
360 47
574 37
270 46
484 29
499 34
479 26
353 53
199 32
320 32
199 35
162 21
178 33
236 43
283 58
260 48
479 57
403 54
171 55
421 42
591 37
242 54
392 55
151 33
315 39
325 10
424 47
157 19
402 49
326 13
336 42
529 26
341 14
252 22
326 11
550 19
436 19
528 48
442 23
459 26
548 46
283 10
394 44
355 11
583 46
527 24
205 60
598 37
217 17
259 14
183 10
522 10
549 25
380 52
340 28
349 21
460 50
161 20
471 46
551 51
591 26
357 31
573 39
521 40
260 19
274 35
484 30
167 38
544 25
256 57
252 33
388 45
416 33
515 19
304 37
283 55
339 22
170 56
353 39
385 38
177 15
400 52
200 49
444 25
307 57
432 27
446 51
306 11
254 25
362 22
356 14
265 22
221 22
515 34
285 37
493 56
243 26
410 18
509 27
512 53
245 16
184 39
394 51
355 54
593 42
569 38
514 37
389 51
196 15
344 40
220 51
359 52
265 21
417 36
357 33
420 54
155 12
597 33
178 54
172 52
553 59
600 22
243 46
487 11
415 45
324 15
358 29
327 39
261 16
230 18
261 37
236 57
208 45
419 45
205 10
513 13
597 34
523 15
339 14
340 14
472 29
339 44
354 29
485 45
482 30
517 54
327 48
339 45
309 57
162 25
266 51
191 44
221 18
268 52
587 17
305 53
289 30
234 31
509 46
492 37
402 41
324 15
420 30
316 32
476 40
278 17
561 51
267 44
566 30
176 22
216 44
252 53
502 41
351 29
424 36
270 39
468 43
531 28
175 23
232 10
560 37
523 53
568 20
470 57
159 39
596 13
559 60
240 16
502 21
459 60
321 40
462 56
386 38
491 14
401 15
222 45
450 30
581 36
491 26
398 46
372 54
593 19
469 27
376 57
491 49
534 31
245 54
405 44
297 55
312 17
221 37
196 27
423 37
252 49
561 20
469 24
322 29
231 26
362 16
268 34
527 24
294 10
580 18
562 23
391 46
390 32
490 31
594 11
429 22
502 42
535 24
194 48
454 10
327 30
299 53
587 58
189 45
320 32
305 38
468 58
254 45
325 51
417 14
318 36
324 28
505 24
564 22
408 32
250 43
565 27
290 48
175 12
214 55
424 26
424 55
509 35
572 39
596 35
531 53
387 57
404 47
415 38
435 13
268 38
195 16
519 23
272 23
311 50
254 36
213 43
499 60
423 38
524 48
228 21
240 14
161 40
298 19
252 11
151 13
396 53
367 34
477 24
182 24
373 39
264 42
460 20
386 44
530 44
411 17
514 51
298 44
256 34
249 52
172 56
512 58
329 47
266 14
161 26
440 24
586 15
222 49
160 42
462 40
231 24
498 48
241 37
527 30
168 10
469 19
290 44
191 32
196 12
345 12
494 24
336 19
529 57
396 18
256 24
341 10
489 32
491 32
484 49
286 56
353 31
213 23
443 58
257 16
193 43
218 45
600 21
253 49
549 33
515 19
237 42
195 28
171 11
221 23
528 46
502 34
495 21
463 26
431 15
151 44
314 35
411 14
512 59
155 40
351 31
376 16
443 23
193 56
155 42
467 23
512 10
272 26
520 57
224 30
417 13
357 52
517 59
468 32
350 45
408 60
203 30
416 55
453 12
486 38
394 17
401 23
199 27
175 38
493 16
448 44
508 24
382 59
294 33
264 12
572 59
228 30
517 44
370 47
387 37
513 23
520 24
373 38
358 14
278 58
288 18
277 27
562 38
338 48
400 48
536 50
353 49
450 17
306 37
313 60
599 19
164 19
498 17
343 12
249 33
186 50
328 26
204 43
569 12
371 46
406 19
161 32
273 29
439 48
223 54
219 43
478 12
559 50
473 60
384 13
472 31
151 35
508 44
556 27
448 40
576 20
348 60
272 14
208 33
521 42
266 53
414 59
504 33
539 58
539 24
296 40
175 22
555 33
388 14
549 44
326 26
448 48
226 10
373 45
402 43
545 32
412 35
180 13
461 57
175 53
596 44
549 38
319 57
299 15
244 18
249 20
343 19
171 36
467 46
359 29
204 25
157 32
490 28
304 58
219 45
271 43
551 50
499 44
437 44
275 31
415 53
261 36
315 49
235 10
158 11
353 47
556 32
345 13
405 12
548 55
452 33
317 17
401 11
359 16
551 53
464 13
194 20
415 58
208 21
383 45
399 28
264 42
541 12
170 33
377 49
243 53
317 36
519 37
371 43
203 40
404 39
373 56
541 24
352 31
374 35
311 36
288 11
591 28
376 56
411 59
311 53
164 56
210 34
204 14
479 15
463 53
404 30
452 32
371 33
338 13
386 51
518 59
393 54
417 50
276 43
275 33
347 36
193 58
477 45
450 45
256 23
338 30
360 27
151 17
590 36
380 46
358 16
452 27
225 45
454 38
531 30
171 33
215 53
214 17
474 58
592 51
507 27
418 11
372 44
154 54
191 16
237 28
508 52
431 11
523 28
392 57
594 48
322 10
428 46
197 19
593 52
402 14
564 43
362 11
591 23
302 50
575 54
448 59
290 40
296 43
585 18
425 34
588 13
505 41
212 14
187 30
555 55
349 19
342 14
377 32
330 17
200 22
151 37
306 37
327 50
333 14
250 52
509 47
166 12
439 41
330 60
466 31
388 10
596 53
247 38
231 51
276 32
583 24
269 43
345 37
376 59
312 30
329 43
203 18
206 57
285 58
532 16
480 18
345 58
375 35
490 40
560 38
520 29
476 26
498 34
393 51
237 48
405 16
188 48
498 40
242 34
422 54
317 22
437 26
370 37
329 10
519 51
410 47
455 30
257 18
363 37
464 13
186 56
162 15
340 29
291 44
467 15
194 31
282 53
212 23
167 52
535 38
410 22
226 45
273 22
331 39
167 45
553 20
543 45
585 46
264 35
521 35
197 50
428 37
424 12
341 12
373 40
189 11
321 15
454 41
231 16
412 31
301 42
167 50
573 47
597 12
304 10
158 25
553 12
486 23
498 34
209 43
353 32
312 47
348 43
553 13
308 43
364 32
439 56
574 26
572 57
179 26
288 38
239 26
170 15
579 12
212 25
427 30
196 15
285 16
446 24
246 46
497 27
254 52
510 47
150 45
392 46
562 59
209 51
569 42
362 11
394 13
462 59
330 45
394 21
290 49
224 34
182 19
441 58
485 21
162 23
595 12
209 17
235 11
588 16
580 43
200 42
262 48
482 10
565 20
539 57
334 16
262 24
205 39
364 38
578 27
348 18
441 16
486 20
506 15
512 13
213 22
371 49
260 22
495 28
197 48
208 10
174 17
193 15
325 48
526 34
370 53
261 54
210 44
433 22
497 55
337 10
394 57
