50 300 700
252 18
172 45
506 34
369 24
420 12
590 49
395 13
488 60
399 39
505 32
573 57
447 17
283 36
295 55
271 43
170 47
510 12
239 31
459 50
422 60
526 31
538 59
403 58
414 20
323 38
428 15
273 57
385 22
560 20
391 60
406 47
458 22
224 13
270 13
414 24
306 12
229 46
555 52
150 50
444 17
374 41
382 51
304 57
401 29
409 19
520 38
420 40
224 38
227 25
459 52
243 15
182 40
201 27
239 56
413 55
593 13
299 40
571 10
579 60
168 26
509 45
351 56
446 11
586 35
480 58
341 19
388 54
352 47
327 43
548 26
403 22
473 56
378 25
344 20
231 59
461 49
202 60
497 56
314 30
343 20
545 45
465 30
320 59
424 50
581 27
309 30
223 25
152 47
489 10
476 25
463 39
183 23
481 45
247 18
220 32
579 30
418 18
406 53
226 58
255 19
523 21
417 11
305 28
175 24
183 10
488 26
208 29
436 57
248 50
202 13
171 60
206 24
571 60
537 44
516 53
510 15
579 28
600 48
263 14
222 43
527 33
470 37
266 11
219 53
204 17
376 38
467 52
261 52
371 49
346 23
217 44
209 60
590 40
464 16
413 38
384 41
230 45
568 25
378 53
469 42
181 36
261 33
481 56
320 36
153 37
406 35
360 52
154 45
550 60
318 35
173 50
309 25
531 37
425 33
193 27
322 55
287 14
359 52
355 41
396 58
272 54
170 12
428 54
492 12
261 40
532 35
454 47
362 17
541 57
169 48
200 52
324 50
194 24
548 49
444 39
486 16
434 30
261 20
496 12
175 48
244 30
402 19
313 57
241 36
300 14
526 46
552 46
224 53
541 20
214 45
554 32
197 14
431 45
382 59
371 38
344 22
562 49
596 60
235 51
308 37
435 39
225 59
424 16
372 58
402 52
320 12
506 36
203 41
327 40
394 30
169 37
167 26
422 33
277 48
532 37
253 55
369 39
440 23
304 14
430 14
244 26
242 53
581 20
394 54
246 57
222 40
258 10
150 18
435 52
334 12
426 35
223 50
329 50
485 49
223 52
418 11
448 53
234 21
260 18
415 47
212 35
426 23
388 48
501 39
223 41
471 15
547 59
321 37
546 36
594 37
408 22
465 18
319 44
314 47
195 16
540 34
351 38
537 38
345 15
375 27
310 26
205 23
509 23
184 51
358 21
265 50
591 11
592 48
556 48
347 55
325 11
400 53
226 54
190 36
594 35
351 45
228 17
558 26
411 20
324 13
495 37
522 18
461 20
308 36
596 45
414 54
411 10
217 35
353 50
495 40
464 14
221 30
264 31
386 49
445 38
496 38
502 47
547 17
588 15
290 56
205 34
378 21
588 34
234 58
162 48
509 36
327 56
417 48
353 50
425 21
229 20
461 31
226 55
598 51
220 53
486 45
458 32
490 60
182 43
174 19
489 20
347 28
213 47
174 45
489 49
555 45
290 59
546 17
333 34
502 53
263 47
453 51
328 24
362 39
282 15
418 49
542 52
431 59
259 43
286 21
391 30
267 12
437 56
263 31
207 38
582 21
504 30
517 19
215 50
324 34
200 54
183 31
263 24
370 20
477 19
575 52
507 16
196 28
380 45
575 17
547 14
570 60
346 28
230 59
331 31
354 48
587 53
531 37
221 52
180 15
360 56
347 32
503 51
483 54
355 45
165 45
189 58
247 14
593 39
443 40
216 47
252 32
438 29
589 53
430 32
511 17
534 12
186 19
487 16
246 24
154 16
296 58
385 30
204 44
456 20
187 17
165 41
551 38
501 46
374 27
268 22
357 46
175 32
415 19
477 46
431 40
586 44
452 20
306 55
572 20
239 40
286 11
468 30
189 40
201 28
165 30
265 29
392 25
277 32
450 47
332 30
564 57
325 47
439 49
463 56
154 53
431 38
269 53
449 15
248 41
434 24
192 28
255 24
437 49
561 43
155 35
361 49
229 48
359 23
198 18
350 20
403 42
502 23
241 54
597 28
158 29
407 41
245 39
396 58
583 41
436 47
557 43
522 15
242 24
267 20
323 26
481 50
543 13
552 44
526 56
340 14
357 24
374 45
524 19
302 30
513 53
350 41
241 39
326 53
224 44
518 24
415 36
443 41
349 19
589 28
314 13
458 12
244 54
534 19
183 15
170 55
226 15
567 10
489 30
484 45
444 31
155 60
166 22
495 46
349 20
399 20
358 28
346 44
486 34
284 41
522 48
157 33
355 57
420 56
385 41
195 31
260 58
571 21
325 40
283 30
234 43
355 58
333 48
278 45
196 44
549 20
561 16
377 39
529 59
507 50
600 35
511 33
577 36
441 22
268 29
364 46
391 24
168 59
321 46
216 25
433 40
213 21
455 42
252 54
315 26
414 42
257 37
378 26
334 17
427 18
593 23
233 34
510 59
150 46
568 14
277 36
562 51
543 10
177 10
387 12
563 39
441 12
561 11
243 16
278 14
222 56
560 31
252 19
448 17
187 10
404 60
495 17
541 19
236 55
240 17
462 13
566 52
433 15
409 36
586 21
455 51
266 53
176 31
589 43
251 51
247 58
178 24
575 35
348 10
174 32
542 18
440 14
408 47
544 15
280 39
525 36
305 10
419 41
229 22
267 31
244 41
497 10
272 33
270 25
509 55
530 45
332 46
565 33
477 27
516 59
273 32
187 43
458 38
279 53
466 31
196 11
255 33
431 31
180 25
384 22
517 49
332 39
511 25
360 41
445 19
296 51
388 26
365 18
260 53
221 34
163 20
298 60
281 22
476 24
376 29
363 14
452 22
414 12
273 14
387 57
302 46
293 22
418 58
474 35
457 31
574 41
492 17
303 48
316 27
473 41
192 23
436 54
367 31
235 50
569 45
448 12
188 10
217 26
458 19
382 51
239 40
171 26
392 31
361 40
151 60
288 38
463 33
415 19
502 52
173 31
304 56
293 38
239 23
346 59
581 27
413 14
175 25
553 14
324 56
221 36
204 12
477 52
482 30
335 17
203 27
488 15
335 31
199 60
467 51
524 25
280 45
580 51
478 42
339 53
293 32
534 33
238 29
404 45
268 36
239 12
178 17
521 50
271 18
555 43
377 15
512 45
518 58
201 32
404 42
520 16
531 60
448 22
220 22
239 27
250 10
