50 300 7000
549 36
469 22
195 41
418 10
480 27
415 32
515 48
314 25
232 18
348 38
443 26
267 31
530 40
458 31
497 12
345 60
172 51
294 29
507 32
326 30
282 25
450 44
378 48
593 43
542 39
560 27
424 47
545 58
155 34
595 15
318 40
460 10
176 60
488 49
426 54
557 38
231 21
461 48
289 18
458 50
451 24
394 12
475 10
508 55
199 26
583 35
506 35
247 17
253 30
193 56
387 40
247 30
443 22
396 40
218 45
494 52
337 57
344 21
516 27
382 18
381 10
465 33
304 20
157 30
488 16
391 10
364 41
560 30
493 14
373 37
177 19
452 14
547 19
342 37
361 30
193 22
474 42
371 17
508 35
573 53
214 16
210 20
324 39
272 40
153 32
308 11
221 37
175 12
573 54
213 48
298 39
158 33
582 45
362 22
470 44
499 59
433 26
501 50
479 33
319 13
295 12
220 21
210 51
177 20
556 51
514 41
470 32
213 24
217 24
381 21
594 24
203 21
326 58
581 22
303 33
582 27
331 40
162 54
518 36
245 60
380 33
379 15
318 28
579 21
575 49
441 47
271 46
273 26
289 54
169 58
303 52
439 32
461 42
452 37
321 41
406 28
231 13
245 42
422 24
187 43
208 41
459 36
188 30
572 28
381 59
600 12
184 15
437 28
373 15
265 10
207 20
447 36
214 53
596 41
397 49
300 24
430 40
423 25
517 47
349 16
597 58
302 33
565 20
243 20
293 30
393 50
308 29
160 22
176 32
470 51
178 16
452 51
273 12
354 35
340 27
320 44
153 28
374 59
479 50
197 27
359 56
168 46
520 33
598 55
269 18
546 35
455 29
241 60
378 50
509 37
579 50
520 19
534 16
393 21
433 42
270 55
560 15
414 50
501 38
336 41
435 28
423 26
362 53
520 56
354 19
215 14
505 22
199 28
574 28
428 24
428 20
571 45
584 43
409 33
307 58
343 22
578 39
273 26
227 50
313 38
481 11
162 35
188 57
306 51
192 20
365 51
438 33
521 17
546 10
259 15
569 60
285 54
590 35
222 58
327 26
327 59
312 12
261 34
270 52
279 50
185 19
235 37
333 54
343 57
411 16
438 54
428 31
501 35
374 19
348 42
181 39
595 52
267 57
408 32
408 38
420 27
526 26
366 12
219 23
224 40
159 60
158 13
447 54
173 28
376 24
369 24
385 59
573 48
321 52
408 60
187 42
443 42
487 46
447 14
165 55
463 50
542 59
568 32
247 51
498 60
473 29
262 34
544 42
354 42
570 59
480 30
302 56
468 59
240 44
577 18
463 58
216 47
158 56
482 44
184 56
521 41
278 32
537 35
345 32
420 17
447 36
266 44
599 43
496 23
542 10
177 35
194 13
583 55
573 14
557 29
348 50
582 20
281 25
387 44
302 29
346 12
344 39
168 33
212 44
554 28
350 17
270 45
306 60
497 58
385 46
245 53
585 36
359 41
250 23
198 29
548 44
314 41
372 33
510 35
170 47
176 21
175 37
412 44
575 27
243 44
487 54
176 45
375 47
586 32
519 32
513 26
273 44
329 20
586 17
478 56
493 49
380 48
386 43
333 25
151 41
306 29
296 52
443 20
519 30
509 55
537 57
256 34
383 27
540 18
169 43
582 10
308 23
226 58
399 38
341 33
529 56
557 16
576 60
562 19
239 54
447 28
579 18
260 46
202 25
344 58
487 30
307 12
476 51
404 29
335 60
264 58
265 22
449 38
530 27
520 42
557 38
529 51
157 38
392 55
298 29
406 13
351 49
358 29
491 29
430 51
323 26
302 47
297 11
244 34
302 28
487 54
341 42
168 13
562 48
458 22
293 54
173 20
481 14
539 22
378 54
395 19
529 25
478 44
329 16
453 51
174 56
420 49
513 28
235 55
469 31
502 26
408 18
530 12
374 42
500 55
328 40
587 47
373 19
554 56
401 58
503 36
226 17
293 34
377 34
509 11
432 11
464 19
554 40
409 48
368 52
257 54
158 38
508 35
468 60
186 43
357 34
231 38
179 44
459 45
313 11
580 44
211 29
480 56
152 40
300 30
228 23
566 33
369 16
304 22
307 42
354 18
251 41
583 34
429 60
277 49
521 45
252 43
475 25
451 22
503 40
589 52
299 53
558 10
493 51
508 20
527 38
530 53
181 40
166 34
264 29
427 58
437 53
546 12
375 57
332 53
338 21
235 51
331 28
265 59
244 14
366 17
578 42
333 10
598 26
357 43
429 56
172 24
489 40
240 20
415 27
567 35
224 25
279 21
257 27
596 47
406 22
308 51
229 18
596 49
469 53
414 52
589 20
220 60
371 30
582 46
439 22
435 19
348 58
218 24
501 32
550 20
160 14
498 50
254 54
272 30
231 54
489 11
464 24
255 28
355 19
419 29
457 10
369 52
495 38
325 10
269 56
478 24
384 20
517 15
405 20
564 35
578 46
523 18
239 21
460 11
578 55
477 42
247 45
514 46
283 55
451 13
218 34
472 43
166 47
312 19
190 23
563 39
366 37
538 43
534 52
153 34
452 10
274 49
491 36
547 14
340 34
509 20
214 25
155 16
440 37
540 60
178 24
188 12
253 32
324 52
598 37
304 47
183 19
379 29
167 27
557 31
192 31
497 12
393 26
210 48
517 56
170 21
183 17
208 56
455 15
233 16
512 12
406 48
422 11
398 40
505 55
468 55
528 40
472 27
212 50
204 51
250 14
407 17
594 15
504 10
486 45
449 24
336 57
272 44
517 30
167 23
197 22
157 49
259 17
358 43
360 24
558 41
295 11
361 49
452 22
221 37
596 30
547 19
430 29
335 24
473 52
537 59
484 53
530 51
264 55
364 10
540 15
478 36
212 59
485 33
198 23
232 51
155 35
493 27
389 27
202 28
329 25
587 10
289 48
226 56
406 41
339 35
318 48
299 57
312 59
404 25
268 16
368 60
190 46
396 37
436 39
554 54
502 16
323 50
394 49
203 39
344 20
169 30
306 44
500 25
560 20
510 14
430 24
564 16
179 35
424 49
376 27
561 39
320 54
524 26
516 49
225 35
259 37
249 29
380 32
360 36
193 53
444 20
218 13
383 32
580 13
395 55
501 36
244 42
352 44
311 45
526 40
369 48
593 16
355 21
520 58
175 46
231 17
527 37
201 31
179 33
182 40
197 16
193 28
462 34
568 53
537 48
394 56
255 32
359 52
391 29
502 57
552 44
284 56
482 27
267 21
511 17
438 32
251 14
259 47
284 40
487 42
347 32
258 13
277 51
313 21
403 38
335 24
381 25
449 31
354 30
182 31
469 42
380 37
292 27
360 48
294 31
398 25
295 38
504 38
343 26
569 60
411 19
385 32
158 51
581 23
239 25
433 24
312 58
288 39
586 50
573 48
459 38
178 28
336 16
552 55
295 56
166 42
456 12
355 35
321 20
479 58
553 55
526 24
202 13
584 52
466 34
424 54
381 26
246 12
156 14
537 20
497 15
537 13
562 38
527 53
216 44
403 56
404 20
516 42
528 47
415 60
449 34
520 56
504 44
293 40
274 48
219 40
177 41
413 19
192 20
275 27
596 16
434 34
351 16
570 60
178 46
586 36
467 20
421 21
576 41
319 26
224 27
461 39
514 60
236 18
552 20
508 18
150 13
402 26
328 43
309 43
302 45
305 37
429 35
563 57
493 57
347 25
527 15
559 33
205 30
537 46
252 37
447 40
268 50
377 34
170 25
531 16
425 26
200 22
597 36
409 20
255 41
545 18
355 53
181 39
326 37
456 54
227 40
512 32
161 31
173 44
315 16
496 43
266 19
408 10
512 55
262 43
400 25
510 17
492 39
294 16
381 17
206 47
398 60
579 14
257 23
458 34
211 14
390 31
597 60
308 55
550 56
355 12
358 48
560 21
250 53
154 11
257 27
357 16
169 11
449 27
185 18
545 34
247 30
470 56
362 18
261 25
227 21
539 19
541 57
159 40
252 57
433 13
568 55
290 60
453 18
393 28
471 13
549 57
284 54
480 28
433 52
449 51
334 10
315 52
510 27
151 10
348 36
184 31
478 40
400 40
590 35
274 23
317 32
513 56
259 16
395 26
229 19
495 46
199 25
512 56
450 46
557 60
326 41
241 12
261 27
489 13
463 41
193 47
188 31
578 49
450 31
311 34
377 36
199 12
557 52
531 12
242 43
564 16
459 21
326 14
381 28
239 34
552 36
303 29
418 26
282 30
437 13
315 36
538 25
217 58
517 16
199 16
429 43
204 41
334 10
272 19
424 14
277 15
313 53
306 12
319 53
279 49
457 31
504 52
432 37
158 13
399 30
240 56
200 54
331 20
213 22
512 10
406 49
476 45
391 45
321 19
579 16
425 45
199 10
300 29
407 25
509 20
213 26
361 14
505 16
374 49
488 21
286 59
243 45
237 55
312 37
255 15
195 25
544 18
362 59
588 49
541 43
582 51
329 43
163 44
533 22
457 14
241 42
358 44
535 17
446 47
553 47
258 51
456 22
400 19
545 45
283 21
486 11
179 53
338 12
434 11
459 19
522 60
550 24
274 54
271 51
517 45
262 53
350 54
191 52
551 31
599 10
383 38
242 13
163 38
242 39
589 18
170 38
573 56
567 11
483 15
173 10
154 51
543 20
302 45
240 56
246 28
414 45
433 44
600 26
205 49
571 15
229 26
197 23
368 26
297 48
577 12
290 41
549 50
202 17
301 17
280 13
221 56
246 45
162 47
166 22
204 32
562 27
207 57
356 52
592 58
229 46
260 25
555 52
286 40
456 30
286 12
580 31
309 46
237 47
343 38
312 33
405 10
538 49
350 51
225 53
244 31
274 10
507 45
337 41
543 23
415 25
294 45
529 51
448 17
540 50
189 23
405 21
371 19
536 56
264 45
323 15
408 26
424 37
501 44
370 27
417 53
253 37
376 38
599 33
561 60
581 24
383 50
527 44
362 12
479 29
397 10
368 19
587 14
333 46
357 52
410 14
225 11
314 60
231 49
508 24
514 20
318 17
493 40
477 39
162 50
332 12
375 21
516 58
316 55
165 56
361 19
208 55
458 20
566 43
538 11
299 46
572 19
379 52
472 13
557 13
237 40
269 25
497 19
399 16
216 27
152 21
531 27
252 29
521 32
455 43
595 13
446 60
450 56
590 58
244 50
302 28
330 26
506 55
434 37
434 37
242 42
508 13
571 32
432 16
289 35
469 30
482 24
523 58
378 31
526 27
170 29
162 10
432 52
193 52
333 57
520 29
576 55
417 26
572 59
228 41
260 32
578 26
532 34
217 50
475 59
200 23
416 56
184 51
557 34
187 56
171 16
240 59
316 60
221 36
429 46
479 33
188 41
539 22
301 37
524 23
172 30
526 38
307 33
594 46
241 51
339 43
556 51
353 56
442 11
378 30
418 52
181 53
565 16
449 32
351 28
590 34
289 26
425 49
498 60
290 59
393 45
548 43
257 39
514 19
298 14
332 33
314 53
290 58
522 57
515 37
252 30
525 28
335 48
289 39
259 11
197 59
437 20
444 29
571 57
200 26
224 60
337 10
151 46
176 54
187 20
393 55
269 58
280 45
417 20
454 57
494 54
442 13
163 12
387 27
225 27
244 13
560 51
322 39
308 44
162 41
482 18
259 29
222 47
259 48
373 13
333 49
300 23
175 57
347 60
465 12
427 40
179 60
541 29
532 20
534 28
384 42
530 49
443 41
289 28
443 12
490 57
290 54
373 25
521 26
330 29
365 12
529 35
434 52
386 18
572 37
313 50
365 54
535 12
511 44
355 49
205 26
243 29
312 58
271 51
407 33
196 10
355 12
228 48
317 12
315 33
370 57
439 10
216 47
320 40
346 56
262 37
352 41
415 17
325 15
224 16
302 57
150 48
231 29
376 40
454 57
426 44
462 54
180 24
393 54
364 22
287 18
407 60
253 35
467 21
296 48
211 18
475 53
320 33
258 21
238 23
439 24
275 30
201 16
318 32
388 41
288 19
426 24
585 11
506 21
397 24
293 57
302 49
324 34
173 29
520 10
293 30
233 40
333 25
421 38
283 42
316 18
297 51
287 36
332 55
418 41
353 27
580 33
590 50
283 12
323 12
300 45
363 29
513 33
185 34
260 60
538 22
462 21
424 57
165 49
347 18
438 26
179 36
486 38
295 32
334 39
215 56
393 27
239 12
457 40
383 59
291 44
227 51
504 34
564 30
402 47
156 35
468 14
351 18
473 41
345 44
362 22
427 53
455 46
348 56
183 59
265 17
576 60
558 37
543 57
590 22
509 57
158 60
233 31
551 28
546 57
547 15
365 56
219 38
176 52
153 46
255 49
322 19
491 56
360 39
484 18
304 12
159 53
501 29
509 45
174 35
518 34
364 41
270 51
250 55
476 43
244 11
296 37
450 38
433 36
401 23
404 35
200 11
547 55
353 25
474 38
158 13
209 33
176 52
449 58
538 29
420 47
355 30
415 29
536 11
173 11
327 38
304 27
541 15
247 40
560 60
410 35
187 13
466 44
478 53
456 51
501 36
575 10
252 37
338 15
155 29
527 26
374 19
489 58
288 46
265 48
531 41
187 26
403 42
206 35
171 13
583 10
268 51
371 57
219 24
451 11
342 50
529 43
559 11
433 54
560 45
538 45
379 58
342 24
534 47
473 15
402 29
220 31
536 46
513 59
236 22
337 25
241 59
415 23
219 47
359 48
486 47
575 47
413 56
557 32
253 21
185 58
313 11
357 60
331 13
559 45
208 60
268 28
467 18
255 52
294 45
215 27
532 31
172 13
543 60
375 11
570 60
511 34
508 46
333 58
534 39
374 35
507 52
371 39
545 11
256 30
538 52
359 20
463 54
498 18
362 24
343 33
566 12
588 11
587 39
374 12
428 41
478 25
283 15
269 27
378 29
533 44
562 57
531 53
378 49
532 19
465 23
439 43
456 11
311 42
380 35
237 38
293 26
371 51
487 53
292 39
445 16
523 39
191 26
227 44
263 53
466 16
385 31
531 34
406 23
183 53
561 34
213 51
577 46
255 24
287 60
337 14
434 23
333 52
296 55
188 60
565 55
368 43
163 17
463 30
362 31
454 59
443 32
232 47
596 31
213 14
580 32
172 29
466 22
407 34
222 41
338 52
559 47
403 27
561 44
153 39
593 60
540 35
556 23
214 21
356 27
207 35
197 33
161 21
356 39
187 26
159 10
174 46
436 11
312 55
239 18
324 53
469 48
213 22
440 60
548 25
400 16
299 34
347 39
560 53
249 37
187 10
541 20
579 43
353 49
453 23
427 49
422 34
575 59
395 54
420 38
252 35
247 16
309 31
359 16
162 56
224 55
314 43
377 49
175 58
250 11
420 48
240 22
279 20
565 25
245 52
546 41
448 44
330 49
214 29
254 12
434 34
159 22
410 48
339 54
495 19
160 16
177 48
390 37
499 25
552 33
428 18
485 25
424 51
334 36
426 31
382 54
185 47
263 39
593 16
312 46
376 19
515 26
505 51
371 54
375 27
241 29
249 11
277 59
556 21
222 23
226 49
584 19
535 54
439 30
185 38
269 45
588 27
312 12
553 46
192 55
374 42
249 56
386 47
508 44
310 43
515 33
581 40
201 19
232 54
376 58
543 30
451 54
251 15
200 19
548 22
404 43
230 23
258 14
491 14
501 21
241 31
553 11
504 53
369 40
216 23
162 51
157 19
495 44
515 47
473 53
373 17
490 24
482 30
439 46
491 43
332 46
327 51
425 28
367 26
229 37
271 37
270 10
220 21
362 32
465 29
553 40
152 34
496 18
519 17
247 43
218 60
374 41
312 35
213 37
428 40
481 35
341 24
541 50
379 11
503 41
380 38
538 33
286 23
512 33
150 31
189 27
178 56
355 18
318 60
312 28
579 38
186 18
248 50
375 30
437 37
194 31
178 15
168 45
198 13
466 22
247 16
208 59
248 19
496 59
188 44
258 49
540 19
347 48
227 32
305 18
285 54
181 45
254 48
221 41
310 10
355 47
188 55
209 21
416 37
151 28
305 60
464 31
536 43
351 38
272 33
185 26
279 31
238 52
488 30
426 23
371 60
380 39
468 46
372 26
572 17
204 58
310 16
576 23
369 50
181 19
249 50
356 42
341 10
152 48
586 15
348 17
269 31
278 31
260 32
232 43
374 32
426 12
273 41
267 57
482 40
492 12
229 36
228 24
163 21
528 57
428 15
513 23
420 43
170 56
494 37
385 42
348 13
469 26
354 20
290 27
259 26
284 13
474 58
479 45
500 19
417 53
347 19
595 14
294 57
510 40
445 59
587 33
560 21
259 58
413 47
571 33
240 27
303 27
471 19
573 59
403 12
390 31
444 38
381 30
291 26
343 41
308 40
406 20
309 46
182 55
338 52
276 16
150 42
205 20
269 47
457 54
571 34
486 51
184 58
534 25
561 36
164 49
582 44
405 42
229 21
269 19
428 42
554 59
423 58
460 19
367 11
513 56
483 40
291 46
170 30
541 30
206 29
514 11
266 60
548 38
378 35
352 35
220 27
564 18
225 49
416 22
187 56
307 59
263 45
571 17
382 55
329 23
176 18
253 27
563 28
431 60
599 15
182 26
259 41
463 42
571 18
189 15
225 44
237 28
462 27
376 48
373 45
295 54
539 22
372 28
583 35
455 32
383 24
173 40
526 54
297 51
269 29
487 26
494 15
579 44
439 56
202 39
475 46
472 18
309 19
442 43
345 54
261 58
364 30
228 36
596 11
278 45
481 45
569 13
329 27
357 22
378 20
416 39
547 57
197 33
447 48
563 26
412 42
338 32
485 58
489 48
463 13
441 48
321 48
569 29
534 53
541 39
259 27
265 24
339 32
380 14
176 16
423 50
597 25
194 25
394 19
513 41
333 49
230 12
183 60
437 34
479 26
493 55
342 10
480 18
395 15
477 60
362 19
357 10
435 21
232 40
393 42
180 21
561 24
407 31
230 40
419 60
503 55
356 35
353 13
560 55
291 42
397 50
157 57
505 46
473 18
516 21
377 30
285 52
360 51
428 33
508 47
401 59
448 53
367 36
297 59
366 28
235 32
431 33
560 54
243 29
158 33
600 28
221 14
229 39
275 42
506 22
184 10
315 20
580 41
394 12
578 16
190 55
426 22
176 35
330 22
248 46
198 25
450 25
401 59
419 40
297 27
261 13
457 42
218 11
310 59
316 24
306 45
366 39
177 32
294 18
305 13
345 48
568 23
588 41
269 40
188 58
482 60
529 34
542 41
374 20
505 23
373 21
220 29
580 60
376 11
217 45
260 20
188 56
198 35
475 31
352 52
214 13
506 36
534 49
598 55
427 49
464 49
171 42
431 49
233 41
359 51
556 26
506 42
419 29
459 17
532 20
432 24
584 54
520 10
568 39
506 33
248 20
409 33
492 17
223 12
516 59
343 31
481 48
369 30
302 37
208 44
563 38
373 38
246 32
374 13
459 14
246 54
384 13
427 15
413 39
344 58
473 26
533 49
213 20
502 50
349 24
251 44
489 39
578 18
329 50
190 31
522 58
466 48
248 23
600 37
335 50
439 45
170 23
319 17
354 51
188 52
151 17
271 35
417 50
285 55
202 38
381 60
521 31
361 30
163 52
570 12
532 30
201 21
335 31
542 57
540 46
564 30
242 49
442 18
153 59
529 13
338 22
275 51
313 49
351 51
204 13
181 21
274 20
322 45
526 35
398 31
360 28
398 17
449 57
232 41
365 48
488 12
390 18
501 58
421 29
590 45
269 57
232 24
497 53
445 32
168 47
407 38
519 23
199 32
357 38
483 45
424 18
411 60
512 29
409 49
213 34
413 15
508 21
330 10
396 56
438 19
585 47
299 18
577 11
217 31
300 17
384 34
487 23
241 44
410 53
522 41
588 30
463 44
452 36
464 16
442 51
229 24
174 49
371 48
162 11
525 59
222 59
343 16
427 44
172 34
205 43
152 44
365 48
252 47
393 39
414 16
263 58
199 41
592 53
240 42
490 33
398 48
217 30
231 25
272 44
247 22
258 13
475 60
389 31
577 11
334 10
377 13
502 60
361 36
468 57
319 47
413 59
347 10
222 34
427 25
197 15
597 28
503 21
490 27
254 37
418 53
530 45
311 27
218 17
183 52
544 42
263 39
557 21
366 21
153 49
325 54
492 60
275 23
276 19
474 50
316 22
444 23
593 16
384 25
530 56
252 44
229 52
352 39
518 47
299 45
161 12
378 17
171 12
558 59
516 47
256 10
560 10
281 25
219 41
240 12
276 22
209 25
469 25
456 25
249 24
329 46
531 48
501 17
356 25
361 44
479 10
390 46
600 50
226 30
234 41
287 37
589 40
253 58
176 42
284 41
575 21
247 32
509 48
165 35
217 38
303 33
582 19
281 29
260 32
407 28
242 35
291 32
330 25
478 36
564 26
172 24
523 51
501 24
290 22
229 42
178 14
273 35
196 44
398 40
472 31
378 20
231 59
415 28
241 30
169 35
265 11
422 60
380 32
595 16
458 48
372 35
234 28
314 57
564 31
564 12
350 11
561 33
209 26
232 55
325 48
233 24
555 47
210 58
220 24
415 45
197 57
179 56
323 15
541 32
355 40
593 40
377 57
587 44
565 47
534 19
420 32
467 19
173 31
334 19
586 34
432 42
234 54
208 15
385 15
178 42
317 10
386 38
391 31
235 22
400 28
373 17
240 25
351 47
386 57
502 32
518 53
280 14
474 20
572 28
595 39
546 17
550 57
420 18
198 57
411 27
298 34
522 41
282 41
593 29
409 43
590 37
560 18
380 20
214 57
493 13
422 39
471 20
228 13
471 15
580 42
474 43
327 59
155 55
222 57
476 33
247 33
342 57
429 38
540 15
482 12
263 34
240 11
455 60
367 58
151 44
418 18
522 56
232 45
509 50
235 10
160 27
171 55
349 49
429 22
462 38
410 13
418 29
271 55
598 18
579 13
471 22
274 19
444 27
544 19
338 25
171 28
590 21
237 56
458 25
252 13
214 44
276 42
441 14
477 39
329 46
212 26
525 58
505 50
598 59
320 49
445 18
539 29
345 13
534 26
241 27
358 53
248 57
232 28
534 14
195 16
211 28
403 43
335 60
290 19
176 47
502 39
283 54
275 31
460 45
385 29
457 43
433 57
520 15
200 25
503 10
375 45
348 15
266 19
585 33
331 24
330 16
195 43
461 46
469 44
317 57
508 11
485 48
368 11
399 49
256 55
548 35
321 34
178 22
392 55
231 31
480 27
410 47
155 29
546 59
461 22
597 29
170 23
203 59
595 50
515 53
382 31
441 42
245 19
411 33
575 31
573 19
425 40
472 20
214 51
380 52
344 45
523 51
263 43
553 57
251 14
298 13
254 26
337 47
453 44
410 25
328 24
246 26
591 14
503 14
440 18
272 55
188 39
526 31
309 51
306 39
580 40
450 31
567 31
240 39
581 47
373 29
474 17
424 58
424 49
157 26
427 46
579 28
164 44
193 34
586 54
206 29
190 39
425 57
391 37
270 24
264 22
322 40
561 17
565 29
321 23
451 54
493 13
223 57
472 25
342 29
331 26
277 41
192 12
158 33
369 25
454 10
178 51
348 59
184 17
523 47
404 46
585 26
290 38
565 19
281 29
559 39
352 16
204 34
217 53
310 13
150 24
533 36
346 19
312 26
314 21
362 26
285 36
328 37
390 25
575 22
373 12
191 50
154 38
541 46
210 15
171 19
400 56
299 13
239 31
337 19
221 37
398 20
542 53
323 55
442 26
213 17
234 39
403 45
527 47
289 60
268 55
595 39
334 13
399 15
353 33
385 55
186 37
498 23
188 19
376 34
243 28
326 49
400 53
390 36
395 46
160 17
273 40
371 13
332 15
517 20
374 35
395 40
156 14
282 58
347 44
488 25
563 55
223 40
232 41
456 43
361 12
536 60
162 60
290 58
399 16
543 12
245 50
305 14
243 34
258 52
207 31
315 25
234 59
162 11
402 11
412 44
418 43
548 44
594 30
302 37
307 32
388 47
533 22
468 53
480 60
518 26
343 52
379 43
432 45
350 40
263 53
400 38
420 29
281 53
375 47
259 26
229 44
436 40
159 34
311 45
370 31
578 36
418 36
553 33
441 59
469 27
309 30
465 26
303 50
567 47
320 10
421 57
295 11
512 22
329 37
313 27
589 42
372 23
163 33
497 26
197 34
444 16
230 59
491 11
163 59
551 49
533 10
597 29
478 37
332 27
423 11
508 34
229 59
230 42
363 29
441 43
219 48
188 15
542 47
515 14
406 35
568 21
347 47
306 29
557 45
452 22
453 24
191 50
495 59
599 35
530 57
192 50
475 36
420 34
329 24
154 29
303 15
423 17
498 32
552 56
538 32
177 47
399 25
325 18
489 30
173 32
425 19
181 60
458 37
527 10
462 41
379 16
205 33
537 15
332 14
259 37
168 59
233 48
236 17
402 27
276 51
454 33
449 13
217 32
205 14
335 22
311 11
337 30
292 42
291 56
267 48
500 41
579 48
490 17
220 28
258 39
208 14
195 16
575 49
597 33
486 42
430 37
338 21
392 30
591 12
320 16
152 47
205 38
415 23
404 15
267 30
287 34
577 34
491 14
208 23
591 27
571 58
330 10
519 33
318 21
224 41
562 51
354 16
422 39
252 50
258 24
287 55
502 29
215 18
472 16
226 40
455 44
193 34
470 39
318 47
434 18
479 40
462 22
252 50
364 17
340 28
186 58
517 13
443 48
196 52
427 40
599 29
165 28
491 31
510 12
560 17
174 10
500 55
491 44
227 38
531 38
315 49
294 60
487 22
407 17
493 41
349 51
417 38
168 20
220 35
399 40
207 10
170 33
344 48
544 24
226 12
302 53
365 12
432 20
342 10
560 19
321 35
212 33
415 23
551 16
455 52
368 60
419 12
209 34
312 58
574 21
255 59
564 22
315 34
480 42
405 15
375 54
308 51
445 29
494 35
351 43
372 60
162 47
253 47
463 45
241 15
339 26
353 10
336 56
564 14
504 28
499 60
278 24
301 57
169 44
566 19
349 33
264 30
418 57
167 26
574 26
366 19
360 11
563 44
314 35
436 30
296 11
461 27
178 25
474 49
390 53
208 20
244 12
574 39
409 57
523 43
332 45
390 44
216 23
562 45
332 10
344 25
579 41
491 15
404 20
591 22
552 57
260 18
543 38
553 50
338 56
180 12
581 10
375 24
581 57
411 14
543 31
516 57
522 20
473 23
500 36
466 58
544 26
508 13
262 37
505 28
444 54
448 51
163 27
346 23
311 22
213 17
356 47
484 19
332 53
297 47
311 49
338 35
232 32
317 48
589 28
399 12
486 26
345 12
373 57
553 58
558 48
382 54
380 18
561 46
198 25
203 57
505 45
280 11
299 33
418 34
370 18
574 17
568 19
309 12
387 38
463 44
414 40
468 26
429 10
598 59
314 41
254 36
464 51
241 24
411 22
321 44
268 10
395 36
478 38
415 32
153 53
215 26
563 14
450 52
410 21
431 28
431 19
560 59
251 48
274 22
577 25
452 52
355 28
322 24
370 12
233 51
319 48
402 12
431 44
220 29
183 47
328 13
418 29
503 49
577 33
264 54
595 10
263 50
532 51
264 21
429 13
567 56
162 21
333 42
410 40
267 18
592 33
297 42
182 39
294 25
189 35
555 32
484 42
547 38
218 15
152 39
218 41
222 45
180 34
375 53
224 36
594 31
307 26
220 30
543 20
475 47
528 31
403 43
580 42
201 39
270 14
274 16
249 27
212 41
420 56
212 37
425 54
418 28
233 54
352 57
242 35
491 52
216 29
167 39
461 38
492 56
186 57
564 54
379 54
292 44
479 18
551 22
151 46
538 19
296 43
216 56
290 11
315 59
384 48
410 29
579 34
239 45
256 28
152 50
518 24
279 17
275 30
434 14
285 34
173 11
264 16
338 12
461 31
316 54
570 47
580 58
577 33
598 50
164 50
354 28
160 38
535 39
155 55
421 27
597 47
528 11
193 36
388 17
260 37
177 26
268 57
326 47
176 14
151 57
334 20
378 21
195 57
198 47
218 39
469 50
362 15
322 35
399 25
166 31
387 43
269 41
506 47
582 51
500 28
600 56
410 22
357 25
242 16
429 12
569 39
362 52
463 53
579 36
197 58
531 18
218 47
240 51
525 47
430 32
314 25
394 15
443 17
567 52
407 49
406 33
462 16
439 41
211 15
275 33
205 21
415 48
375 10
304 36
575 34
532 10
310 12
509 11
530 46
334 10
277 49
359 50
362 45
353 44
577 55
523 60
435 53
370 37
190 52
429 38
459 57
300 34
460 57
512 56
154 37
352 15
307 48
153 29
261 47
237 32
400 35
285 38
232 35
449 47
177 30
351 14
268 56
359 41
323 55
410 34
509 56
315 25
351 55
357 46
245 40
389 39
272 12
552 10
338 28
285 49
271 34
471 41
368 32
450 52
588 10
216 27
339 42
330 17
440 40
257 37
154 14
527 55
157 52
353 47
191 48
411 45
213 43
408 17
440 36
387 26
271 28
486 49
369 10
344 32
499 23
278 12
163 27
338 22
597 46
569 41
248 59
331 34
494 42
164 26
208 56
364 41
179 16
240 40
185 15
564 39
555 43
478 10
479 21
279 27
595 60
239 42
449 26
334 37
153 30
552 26
167 34
540 55
258 36
289 47
180 47
299 55
359 13
600 32
559 15
350 54
454 54
254 40
480 45
358 35
550 40
589 42
187 36
418 25
592 20
183 11
327 17
573 37
542 37
357 33
343 21
253 39
368 41
291 28
331 14
477 59
224 14
396 51
438 42
540 38
542 33
251 10
278 40
523 16
373 33
195 49
555 37
245 35
326 18
347 39
233 17
504 37
258 52
212 11
483 35
162 52
300 60
461 30
175 33
272 20
357 25
592 46
502 16
260 17
360 37
593 22
211 60
437 28
453 37
456 31
558 40
472 46
254 13
598 11
468 40
275 36
398 54
223 27
253 57
533 48
502 33
461 11
466 38
218 48
499 16
307 21
597 16
152 35
587 25
494 54
269 33
386 46
330 38
479 57
525 38
585 15
420 47
364 28
269 39
270 17
553 53
167 21
195 24
170 53
450 33
379 35
181 41
181 25
595 25
206 34
298 45
489 31
543 20
438 54
359 60
396 33
204 15
566 55
240 20
220 26
153 34
553 53
433 35
487 26
582 55
424 35
482 51
197 31
335 29
295 14
242 23
476 41
481 11
457 28
200 17
296 59
390 34
265 30
209 20
346 52
597 37
347 59
563 26
248 20
150 31
293 53
367 57
303 35
197 60
411 48
521 13
566 26
321 11
483 31
451 21
385 55
428 50
419 23
438 52
497 36
581 23
260 25
446 36
446 23
477 19
270 21
505 21
177 41
387 14
332 30
261 37
368 10
430 30
353 29
465 14
420 25
230 12
593 28
453 14
300 34
317 15
447 48
258 33
194 51
363 10
425 18
361 37
513 59
370 58
598 54
273 45
516 20
264 54
159 16
576 46
426 13
377 20
395 24
478 12
264 14
205 50
256 44
222 20
158 44
393 39
595 27
368 14
573 27
262 34
384 31
425 19
158 50
508 37
461 23
509 39
303 48
190 29
392 17
161 30
317 47
339 59
394 52
196 22
381 31
422 43
528 24
306 31
393 51
374 50
318 45
205 56
557 37
230 10
576 11
356 49
213 15
284 12
480 53
516 51
273 47
318 49
306 23
581 50
242 30
160 40
508 28
451 30
387 53
540 41
412 30
448 24
255 13
287 18
379 32
460 53
175 58
575 33
378 32
321 36
267 16
349 43
365 32
341 51
224 25
325 12
257 39
403 27
428 10
446 17
598 57
342 12
185 13
294 20
465 39
565 31
228 23
335 41
487 23
490 17
494 18
522 56
562 32
349 28
365 59
548 56
259 60
566 53
199 53
561 42
398 42
385 19
466 39
588 24
413 27
199 55
498 26
480 11
504 41
177 42
572 11
502 35
530 16
380 46
283 11
369 47
343 19
497 40
402 49
290 20
502 29
290 29
391 11
417 40
497 32
590 49
203 55
461 30
399 28
530 18
593 43
465 55
389 38
480 10
545 27
508 16
347 45
201 29
597 46
418 57
369 39
536 31
397 57
274 39
276 16
575 16
516 37
523 23
330 44
443 39
234 15
316 39
203 27
569 23
365 21
422 32
580 35
176 51
440 21
218 32
243 55
250 31
473 42
310 50
332 28
530 12
538 55
551 43
548 19
246 35
216 47
525 54
462 30
165 25
388 40
492 17
371 34
483 58
267 12
258 19
338 22
332 24
256 27
272 15
538 23
389 23
183 41
220 11
381 36
468 34
478 40
519 45
507 36
334 52
568 27
469 14
356 46
254 43
235 51
310 25
526 43
236 33
308 41
586 31
247 55
181 13
552 35
587 16
349 35
357 19
490 39
586 54
495 53
167 58
269 59
464 24
390 50
358 12
203 15
250 21
376 38
474 35
218 56
589 19
388 21
408 48
488 24
226 47
511 32
194 22
232 55
300 55
381 18
439 37
496 17
415 27
554 32
203 16
524 55
495 37
419 25
268 13
529 51
362 16
572 35
265 38
160 46
166 55
176 12
263 11
165 27
376 58
226 39
205 18
528 54
440 14
595 41
181 20
264 24
571 49
339 53
309 46
483 41
491 21
193 56
245 26
590 37
434 10
496 25
295 41
274 22
290 44
253 21
553 24
530 59
175 34
357 25
205 49
176 35
229 10
202 45
581 10
533 20
445 60
153 22
573 43
524 19
568 40
231 60
338 58
467 15
529 35
228 37
414 25
377 46
594 30
155 54
329 16
516 43
565 47
360 12
255 36
456 21
565 54
576 25
438 58
395 16
558 25
217 40
460 28
508 23
158 24
550 51
327 17
298 35
174 18
247 19
459 33
210 58
535 33
310 59
410 19
515 52
308 11
312 20
587 55
495 21
395 29
497 56
200 30
462 16
380 36
497 59
207 58
451 45
507 22
315 55
286 48
180 22
372 36
171 49
247 44
190 32
581 52
227 21
577 43
348 16
243 52
281 12
211 16
163 53
338 56
233 42
155 48
169 18
503 16
380 21
188 45
295 57
480 48
536 42
206 34
371 14
537 19
222 23
266 31
364 16
536 18
173 49
211 55
477 52
175 46
531 34
235 36
190 14
239 23
497 44
478 58
551 52
527 59
289 60
228 19
562 16
396 14
428 56
517 53
299 44
455 55
492 42
307 43
350 32
374 43
500 41
178 40
385 53
211 36
532 16
319 23
481 17
321 46
555 25
364 49
368 44
227 52
371 30
308 26
437 30
493 15
557 50
469 30
481 21
577 29
439 19
263 23
171 17
315 22
450 12
226 53
203 55
398 54
226 15
588 30
265 37
516 26
175 26
280 21
536 44
384 47
162 27
289 36
514 28
284 11
331 18
253 60
361 16
513 52
345 34
495 43
473 25
220 20
269 57
373 17
536 30
262 32
304 52
437 38
299 36
242 38
447 58
305 47
161 24
312 48
174 33
496 30
462 51
579 46
557 54
303 44
414 47
329 55
405 12
418 46
181 10
192 48
156 35
566 43
455 40
253 46
543 40
255 50
416 24
152 21
224 23
555 60
555 17
220 26
518 12
492 57
412 58
562 13
198 60
580 23
314 17
415 12
401 11
519 18
384 26
513 23
297 33
578 42
422 29
424 43
500 27
319 14
227 18
178 35
466 28
178 56
589 20
248 39
573 27
412 53
459 57
157 52
589 17
310 36
512 12
227 31
514 48
469 47
346 31
317 59
264 10
533 13
250 27
515 38
291 17
435 47
574 48
387 51
369 15
582 23
371 45
438 27
173 49
586 19
228 46
242 13
468 15
158 35
573 17
251 42
303 48
488 12
248 16
433 11
589 58
397 47
421 39
214 42
370 44
269 32
218 31
400 38
553 14
173 45
340 59
328 59
439 51
272 33
310 16
276 31
472 21
490 24
508 38
162 45
279 25
463 46
463 30
472 52
342 46
464 40
553 29
316 20
572 27
201 33
253 13
345 11
599 13
356 35
211 29
365 17
379 20
264 10
293 36
526 11
256 50
538 28
182 41
274 39
413 33
211 27
572 14
363 29
278 14
288 35
217 24
572 36
203 53
280 17
321 45
236 31
440 10
574 19
229 42
351 27
513 22
406 50
158 54
585 57
348 23
403 46
543 45
151 46
271 27
566 38
175 16
186 28
548 24
382 16
561 55
234 23
285 47
582 49
571 22
229 36
569 12
319 26
231 48
414 52
547 14
565 22
329 50
345 30
328 52
238 26
405 19
581 54
358 53
428 22
409 43
551 32
194 58
550 19
277 53
430 42
388 18
285 35
262 14
510 54
453 24
350 31
368 49
251 55
191 28
240 11
300 55
399 13
294 33
555 17
575 25
419 22
218 35
351 45
260 56
536 43
342 13
424 30
153 52
232 40
309 30
526 56
598 24
308 29
522 33
571 11
299 12
316 22
358 18
514 41
151 25
369 45
448 14
323 28
151 23
479 37
319 40
153 23
571 25
303 49
256 40
344 18
396 10
314 40
563 24
562 54
548 50
176 35
156 51
247 41
568 41
167 35
396 38
303 21
357 12
336 44
548 31
512 37
494 34
496 23
213 55
198 55
426 25
483 51
304 58
320 13
366 17
391 47
529 32
177 24
515 16
248 56
344 19
270 55
551 59
545 31
233 18
504 16
176 25
437 20
560 28
271 48
518 57
593 40
421 59
468 13
569 54
158 47
259 42
243 45
358 41
333 18
366 31
370 35
592 55
417 30
426 20
346 41
234 37
361 55
229 17
225 18
406 23
182 35
471 49
182 12
434 35
553 46
395 59
260 54
566 35
499 17
345 48
177 10
473 38
306 30
485 47
508 17
586 16
563 60
591 17
231 11
252 29
201 45
298 30
317 48
457 53
292 57
351 18
199 16
222 50
160 12
447 37
519 51
193 12
495 56
208 32
452 38
361 10
415 17
199 14
522 10
425 13
590 49
407 59
204 49
309 10
460 36
358 10
441 17
528 39
332 23
355 28
161 30
345 10
270 47
362 54
254 37
512 43
445 52
290 25
573 55
363 36
241 25
320 39
361 46
484 10
482 15
525 33
288 13
266 37
223 56
325 28
541 60
176 49
557 41
336 55
182 50
590 51
153 19
184 43
382 25
246 32
447 11
433 25
230 20
451 32
361 42
178 52
315 30
190 21
280 55
581 26
455 48
160 60
334 20
508 47
474 39
236 51
185 38
323 54
382 12
210 20
299 57
512 40
214 14
580 39
414 16
171 14
473 17
540 40
518 47
226 26
421 26
572 23
327 59
597 46
433 53
474 32
238 52
378 35
599 13
494 15
587 58
348 44
310 33
305 35
396 58
304 34
365 52
575 53
219 51
569 28
347 26
211 31
162 20
308 51
284 35
514 10
557 55
208 50
416 18
428 57
301 58
288 11
168 57
301 35
536 49
231 46
217 20
236 20
543 25
218 20
545 24
324 55
263 29
356 48
267 41
319 19
490 47
382 58
386 21
429 11
476 27
283 51
176 34
498 19
522 16
363 30
214 25
580 51
524 23
484 17
355 19
417 12
354 11
442 18
573 53
550 48
563 51
348 35
418 45
472 59
205 54
216 15
588 36
284 57
517 29
396 18
200 32
289 30
600 59
432 58
274 48
464 15
418 34
201 47
224 22
557 40
466 41
473 38
171 30
256 13
318 53
424 59
355 40
463 37
314 19
251 13
272 17
181 12
349 31
284 47
335 10
222 32
167 46
275 15
462 11
256 30
224 41
348 22
477 49
492 54
252 50
259 37
170 51
490 19
486 52
477 21
361 50
496 23
292 26
322 43
574 47
356 54
551 23
467 36
533 26
427 43
294 24
534 59
583 38
562 46
210 58
417 52
464 12
548 36
337 23
422 41
202 28
366 23
248 22
439 36
431 11
348 38
289 28
594 30
336 42
536 37
480 13
287 17
300 42
167 16
561 33
483 41
443 27
360 37
386 51
423 22
455 45
191 49
155 13
366 23
172 40
312 37
518 38
323 54
432 53
594 24
542 10
354 56
417 50
483 43
503 49
403 23
400 43
391 37
457 14
437 27
170 50
581 57
431 20
499 13
157 25
486 28
216 40
423 10
424 50
195 30
293 39
311 44
162 36
174 55
260 34
247 54
157 16
449 16
331 22
414 52
284 10
183 48
235 25
195 23
212 51
219 16
600 14
546 13
261 34
429 46
535 24
423 45
504 34
234 15
374 28
558 48
501 57
211 14
510 30
520 28
481 42
279 34
359 52
562 44
240 58
299 49
562 13
228 18
509 26
438 26
481 50
532 22
330 40
584 56
441 48
342 58
238 32
589 21
581 49
517 50
255 57
479 25
488 34
590 28
207 19
300 21
596 41
524 45
317 50
347 42
421 33
257 17
531 38
592 42
357 50
224 21
472 33
248 54
174 12
389 23
169 18
535 29
489 45
247 12
328 55
487 25
259 12
337 54
416 33
310 49
485 32
462 16
534 14
428 43
447 60
227 15
226 35
285 13
569 29
561 33
596 17
381 18
335 45
583 16
575 60
266 22
515 40
425 54
422 38
379 23
202 43
474 28
272 56
434 17
409 28
593 16
271 20
435 43
541 36
470 13
577 10
209 21
411 27
331 10
460 32
483 16
449 25
192 13
532 59
186 39
209 41
488 35
434 36
533 38
163 24
556 19
188 37
495 21
230 40
510 14
425 22
569 47
190 40
184 59
521 53
371 59
391 28
243 31
509 58
381 26
564 48
581 41
493 40
577 10
156 28
504 14
283 43
221 56
582 32
242 36
485 24
231 26
177 27
288 20
511 38
342 34
489 50
245 32
185 44
359 16
375 16
171 53
334 13
294 22
277 43
539 57
464 37
495 30
287 32
404 32
263 58
252 26
241 37
221 54
357 20
413 36
331 39
476 47
283 23
266 50
291 39
202 26
550 20
359 15
570 35
522 29
467 11
219 50
351 55
564 32
195 43
158 13
205 33
382 55
573 16
337 20
215 40
267 54
250 28
527 23
536 56
295 44
260 29
370 33
169 15
185 36
568 53
554 48
460 47
411 26
349 58
390 19
486 41
555 55
203 17
315 30
289 26
164 40
270 51
219 15
411 51
489 56
424 45
308 26
577 33
482 46
187 56
277 20
534 34
350 21
236 46
318 39
245 48
439 41
162 26
324 36
472 38
598 60
229 56
355 30
543 16
305 42
249 51
197 11
311 57
199 26
447 34
151 14
331 21
169 17
459 35
580 49
297 42
402 53
469 35
400 26
226 31
267 54
153 55
262 12
473 57
462 49
371 13
208 46
540 47
303 51
474 33
483 14
238 28
359 41
525 47
462 45
194 47
442 45
454 39
207 45
318 18
411 16
232 40
513 14
535 48
354 25
432 31
316 53
577 38
354 22
461 41
183 31
429 48
183 54
200 29
172 37
521 59
432 12
316 56
377 37
151 22
356 59
309 59
237 56
507 30
511 44
473 35
495 57
536 25
428 57
356 51
470 44
510 39
593 22
395 36
584 51
399 48
411 19
377 14
396 33
511 29
576 20
450 50
301 57
428 37
517 40
481 44
342 16
582 49
472 28
410 48
163 36
464 52
433 31
382 16
545 23
575 10
272 30
513 41
506 16
188 29
290 22
473 56
367 27
372 25
600 19
475 43
158 25
459 16
335 20
484 51
472 25
591 52
179 31
166 56
228 31
151 50
336 41
214 55
598 31
314 40
326 39
244 44
158 52
205 19
586 14
232 60
558 13
197 12
506 19
550 11
206 56
479 52
474 19
209 14
150 11
175 50
155 24
407 56
502 36
597 16
368 54
497 49
512 51
267 10
393 39
242 42
343 38
395 16
377 54
151 39
465 16
269 43
560 35
407 41
551 38
403 20
377 33
220 16
151 13
342 54
483 24
527 52
511 42
228 29
297 35
378 13
451 48
447 18
282 44
523 17
298 24
583 44
159 16
230 31
556 43
152 55
586 18
577 12
250 58
499 58
471 22
258 24
243 10
216 46
240 22
495 49
319 60
242 37
478 16
533 18
352 13
390 22
383 31
452 46
577 13
182 36
334 59
494 39
261 56
288 34
494 35
291 19
554 32
172 23
589 10
323 22
567 47
590 22
203 51
177 57
223 42
488 39
182 20
565 42
501 52
561 12
366 55
506 43
166 18
434 60
159 53
524 47
274 35
453 49
571 51
325 60
353 31
219 14
534 51
503 42
444 29
372 12
345 32
157 46
483 47
578 51
163 46
415 49
454 48
199 21
540 38
387 27
261 13
349 28
346 30
254 27
298 18
159 15
316 17
299 49
160 41
591 22
394 39
238 48
549 17
336 43
595 53
498 39
317 48
306 13
398 13
444 27
166 19
339 29
364 35
396 55
280 21
307 13
469 10
399 27
535 41
150 23
161 24
460 54
234 36
439 48
345 38
202 29
275 34
459 12
453 45
518 28
386 38
488 20
452 52
196 11
307 33
399 16
504 36
232 50
510 16
221 36
469 53
277 23
453 20
543 48
567 39
300 23
525 40
352 41
445 24
465 32
538 49
588 57
252 32
317 14
252 10
340 57
367 53
429 33
591 42
170 12
187 16
398 30
273 34
544 34
399 37
436 59
187 57
222 30
295 14
382 43
490 44
588 30
404 45
400 16
299 26
492 25
179 60
454 13
458 12
200 42
498 17
549 41
205 60
481 24
268 44
166 39
420 55
579 60
509 20
158 12
372 27
231 21
380 56
374 32
568 35
357 60
596 23
224 44
370 49
545 42
234 46
397 48
181 46
360 51
506 51
258 16
448 10
416 22
531 52
282 52
445 40
481 15
493 41
553 31
279 50
339 34
205 15
395 29
541 22
269 52
525 44
271 26
370 50
419 21
302 57
172 21
354 52
248 58
402 38
321 13
197 51
218 32
444 35
285 21
460 18
485 38
318 19
195 59
390 16
230 11
162 21
183 49
401 24
538 29
177 43
227 29
496 46
255 43
525 52
419 15
171 19
459 38
578 33
316 53
582 27
341 37
559 50
448 35
404 51
517 52
179 18
280 45
327 43
378 41
487 60
573 42
338 47
372 39
304 13
206 20
506 17
253 25
369 43
266 14
374 59
368 38
367 31
153 32
408 15
401 55
406 16
183 25
344 51
539 50
365 50
187 46
407 34
594 35
543 51
231 49
456 16
319 54
531 10
155 17
170 25
561 52
173 44
441 24
535 54
563 20
225 15
336 57
219 59
164 43
506 43
363 39
552 52
502 33
426 40
165 28
528 43
466 15
458 46
158 43
281 30
167 56
434 47
561 36
201 45
359 11
584 32
385 42
484 34
308 44
412 37
270 31
212 57
283 53
552 23
211 20
334 13
579 15
299 38
502 30
322 27
319 12
310 17
228 46
551 32
425 57
260 16
456 58
162 51
536 57
539 54
431 59
186 47
362 42
458 16
362 31
553 17
155 39
231 20
286 43
321 16
312 10
550 19
550 49
329 18
240 21
333 20
467 22
425 42
389 24
254 58
495 20
211 40
192 48
306 11
317 60
242 30
342 49
463 48
504 42
249 20
516 13
418 32
588 11
262 42
217 20
278 22
327 31
289 54
373 34
547 28
228 46
469 44
305 54
154 56
304 29
532 20
378 42
247 11
219 58
373 27
360 52
186 11
556 47
274 24
547 21
222 37
488 20
246 52
224 34
325 49
278 44
577 12
188 22
317 24
378 10
263 37
202 35
327 39
196 46
250 42
495 52
408 55
170 13
566 38
163 57
292 57
183 45
554 53
497 56
256 49
440 30
574 50
267 43
468 17
503 31
360 10
233 50
351 51
284 54
236 52
221 30
243 47
156 37
577 25
273 27
176 47
578 56
340 55
431 37
184 20
344 40
539 32
205 26
208 43
558 40
518 17
444 59
519 54
567 20
242 10
310 10
375 39
496 36
285 13
473 59
275 28
583 44
588 51
196 54
559 29
531 48
265 56
202 55
191 34
449 56
497 30
585 41
427 46
247 20
273 19
569 27
157 27
595 56
502 36
170 22
472 52
433 54
564 23
581 11
442 58
426 13
571 46
349 19
165 29
491 46
435 20
238 60
453 12
233 36
271 27
247 44
259 44
274 26
310 24
448 22
340 41
289 30
506 13
316 14
418 49
158 10
408 26
269 20
300 48
328 31
481 52
430 35
252 40
476 24
157 43
449 44
551 11
577 37
212 56
507 34
573 16
493 27
257 46
453 12
597 18
324 43
589 18
156 53
320 59
527 48
379 14
162 15
335 42
545 29
285 60
368 28
471 16
385 16
293 31
554 25
192 10
427 33
457 60
249 23
302 48
412 21
486 14
317 24
234 56
420 59
564 32
534 46
536 41
378 55
212 59
403 38
598 26
307 39
509 12
593 15
222 46
593 58
338 50
596 17
502 59
580 10
241 43
308 58
297 40
203 21
204 60
292 52
226 13
324 42
449 42
224 41
573 20
520 54
504 25
563 21
563 33
572 26
445 35
266 31
200 56
311 13
457 46
479 23
268 24
180 60
207 52
155 16
445 40
579 22
529 36
418 43
539 26
594 42
335 48
544 32
274 22
239 33
434 59
200 46
292 35
313 14
523 36
563 28
318 23
358 16
573 43
562 31
513 11
594 21
425 45
311 57
530 22
486 59
541 48
373 26
216 39
528 57
307 24
429 55
169 27
274 50
376 30
333 38
537 19
392 41
491 57
187 19
221 21
293 36
474 41
451 26
542 41
544 19
409 56
209 51
429 33
305 16
299 41
402 11
406 19
371 11
299 37
320 24
344 47
538 23
368 19
203 11
376 53
284 28
187 48
196 48
480 39
188 41
562 11
173 45
540 42
209 28
594 33
173 21
535 14
316 30
295 44
174 46
578 51
437 41
194 55
436 47
419 40
255 37
436 51
399 48
306 49
377 34
225 13
174 24
512 57
578 39
391 39
446 26
245 21
505 51
188 47
218 54
584 46
492 17
505 50
581 59
491 56
430 35
335 35
578 55
381 60
300 33
513 41
312 16
385 32
484 44
439 12
433 47
265 11
579 30
177 18
295 57
323 16
550 30
177 47
457 10
538 53
444 19
150 54
527 24
550 59
545 50
222 11
556 10
579 30
207 16
559 49
162 26
270 13
584 50
438 26
562 20
587 16
288 32
360 18
343 55
366 54
564 56
586 45
461 33
588 43
243 20
309 50
491 38
567 28
498 39
449 39
239 52
539 51
398 55
189 58
584 40
470 32
167 15
355 13
195 36
459 40
439 38
446 11
522 26
406 60
292 55
570 20
376 35
543 39
557 30
204 52
537 24
440 54
438 56
370 60
551 32
395 33
549 33
335 60
376 47
205 18
336 46
334 40
309 29
229 38
174 40
583 50
184 15
291 60
196 23
155 27
257 54
180 50
281 10
523 20
563 59
237 36
434 46
292 23
152 59
311 12
435 14
197 47
200 50
440 10
243 53
392 38
459 45
212 44
303 27
323 30
589 52
214 53
263 15
204 10
345 21
535 24
346 56
531 25
203 15
346 43
381 47
174 22
561 45
564 36
423 48
340 35
225 50
530 59
287 54
305 36
224 49
527 28
445 19
226 29
300 46
394 42
274 11
562 29
294 16
430 14
453 22
305 35
417 18
161 56
512 54
538 58
323 32
561 17
293 37
402 49
327 28
156 42
472 31
494 25
550 31
310 30
152 24
256 52
553 28
169 56
570 31
510 60
564 25
263 44
265 32
598 19
277 22
413 59
270 52
186 28
377 42
583 56
464 49
518 41
435 59
179 28
464 26
234 29
235 40
297 15
484 30
548 13
477 17
443 44
439 15
384 23
274 34
212 59
600 29
277 59
249 25
160 18
227 27
456 34
165 55
578 55
428 51
389 43
177 57
566 59
240 19
298 44
550 27
457 14
204 36
416 19
386 47
427 30
349 28
189 35
554 29
283 41
267 35
384 54
281 59
345 15
519 30
197 13
303 23
374 52
485 14
236 53
241 25
549 45
568 13
283 52
248 15
513 52
499 16
192 49
213 29
542 38
447 31
477 13
445 17
181 26
534 18
532 51
559 28
335 36
392 36
191 50
442 28
410 12
318 53
198 21
365 28
314 50
520 47
398 17
326 36
515 43
300 48
155 34
534 38
442 14
416 55
284 30
465 31
377 54
395 27
339 44
582 13
387 19
559 28
156 32
445 44
216 24
430 50
169 39
526 27
424 16
343 60
282 47
346 10
575 50
436 18
299 54
497 26
332 21
349 58
331 16
547 18
300 23
395 42
326 60
290 25
346 46
179 16
454 18
377 53
536 60
594 18
587 18
516 48
238 30
294 13
156 38
390 26
383 56
491 28
374 25
416 52
521 33
261 45
168 37
264 28
551 38
325 29
172 44
202 40
367 49
483 13
192 26
490 42
311 10
599 49
318 42
476 52
263 30
597 51
531 17
198 24
393 51
443 58
385 37
361 43
426 51
179 19
460 24
347 11
539 17
179 58
454 47
288 32
529 43
546 37
440 49
501 44
353 53
593 48
186 45
151 48
497 49
485 55
514 37
508 39
175 58
373 19
566 47
222 14
501 13
331 22
486 16
324 37
558 30
319 13
565 33
419 53
506 44
177 48
438 34
531 35
513 55
364 44
515 14
553 18
541 42
596 53
192 15
370 24
261 18
514 43
274 42
371 39
497 26
483 59
214 45
493 35
403 31
398 17
541 43
323 20
435 33
534 43
562 52
478 35
182 24
159 29
323 22
580 18
369 23
328 60
383 41
431 60
385 32
227 46
355 10
521 14
577 59
390 52
465 31
495 58
576 36
357 56
464 23
300 32
306 20
405 10
392 59
294 43
458 34
332 39
157 26
472 50
245 55
479 28
468 16
302 60
359 60
402 56
572 34
221 18
353 35
440 56
589 48
204 53
588 39
190 15
293 38
153 24
385 12
324 21
363 17
434 19
519 24
313 24
388 14
498 56
164 53
208 48
175 29
330 43
570 46
278 60
503 45
194 47
582 42
567 42
517 54
580 41
406 34
466 36
497 39
150 27
150 40
286 20
256 32
261 51
503 53
411 40
165 55
224 50
524 28
244 47
485 48
468 10
243 42
530 49
223 60
412 11
475 54
322 46
398 58
390 17
319 21
439 33
360 43
512 17
369 26
343 26
237 32
365 30
465 30
540 21
523 25
320 55
341 60
502 47
322 12
227 22
468 16
438 37
250 57
490 10
303 34
585 36
432 29
423 10
169 56
392 20
193 36
596 21
252 32
267 57
540 54
290 46
287 60
151 18
316 52
393 15
565 30
593 10
327 42
405 18
382 33
170 18
292 28
481 59
509 48
369 51
542 51
242 43
424 14
449 19
169 52
490 13
538 25
285 28
366 41
272 19
211 38
196 16
214 36
432 14
335 50
325 37
320 51
216 16
439 30
474 28
450 27
543 55
479 20
393 28
439 21
227 28
289 17
348 30
187 51
234 43
393 55
278 45
339 38
442 57
267 13
519 45
441 31
367 28
424 33
531 38
199 31
443 25
342 48
283 35
467 15
384 19
252 54
348 32
218 43
336 58
586 12
505 24
326 31
196 12
173 30
430 48
200 53
238 60
480 55
351 46
183 58
194 17
150 48
298 13
438 58
417 44
245 15
241 51
541 15
523 27
385 20
238 32
460 26
496 48
516 21
227 28
504 35
404 57
563 51
577 38
376 51
514 59
324 25
501 25
170 37
509 16
305 59
476 32
526 45
463 25
528 30
414 36
251 20
451 40
416 14
403 51
508 33
404 52
359 15
171 18
451 11
453 25
220 17
234 16
437 14
351 41
210 42
344 40
253 13
446 34
405 25
591 56
532 35
462 49
313 46
469 43
354 56
587 58
241 49
181 11
364 26
317 48
486 44
343 35
239 56
394 25
562 45
183 40
371 56
352 29
205 51
401 57
225 36
349 48
197 19
455 13
267 10
513 18
529 11
459 27
308 13
161 20
519 57
428 53
544 10
378 11
302 27
316 17
388 37
533 20
234 56
520 40
389 15
166 35
594 43
188 56
390 56
593 34
165 41
285 13
437 14
552 21
153 40
308 11
190 48
392 50
260 11
231 39
295 27
578 26
220 22
529 22
368 23
336 25
202 47
441 37
578 48
423 52
151 20
405 32
355 18
497 23
490 52
421 55
414 55
156 14
589 43
543 55
456 58
387 35
242 29
291 56
286 58
241 33
300 33
263 21
554 18
243 33
257 15
589 44
459 38
541 22
579 11
578 21
373 59
253 17
358 41
295 60
204 20
366 13
532 60
485 18
343 46
587 19
370 17
252 16
278 12
195 22
349 56
405 56
436 53
189 13
490 46
447 31
180 45
573 53
160 37
237 18
362 50
190 24
237 32
526 44
235 57
179 13
260 35
587 22
351 41
243 15
393 39
451 18
419 25
249 31
153 11
377 23
179 15
329 28
335 49
191 26
360 11
432 17
521 47
256 45
224 19
184 43
536 35
445 44
503 57
513 35
493 46
185 26
553 34
192 56
207 30
256 41
336 44
308 13
155 16
536 30
482 42
531 58
565 54
461 60
318 25
544 25
592 17
421 30
279 57
457 31
463 22
539 39
425 22
253 38
266 29
539 18
378 19
450 53
538 58
564 21
344 28
532 31
579 54
482 50
530 12
476 15
387 59
168 55
261 15
540 59
380 16
217 42
318 24
376 31
332 50
260 15
191 21
194 50
546 20
247 38
185 50
247 13
167 34
206 42
420 32
581 24
435 14
196 40
291 53
326 22
527 38
170 54
358 10
355 30
490 59
295 55
311 36
539 36
431 35
250 10
384 23
580 41
490 37
486 35
467 53
465 55
351 12
527 12
260 25
545 14
452 31
226 56
308 10
271 55
219 43
317 22
519 30
396 14
592 49
417 46
173 39
291 38
217 55
367 43
579 55
308 56
335 47
249 14
425 12
384 23
202 24
299 23
301 32
512 18
461 32
201 56
426 53
476 25
365 29
454 56
409 21
161 23
318 22
367 36
379 45
329 48
222 12
237 31
385 25
389 10
173 45
196 22
320 29
393 42
262 60
328 30
442 16
414 27
167 26
354 58
213 43
388 19
263 60
164 50
209 42
519 35
462 10
369 57
522 20
368 22
496 32
234 35
533 14
437 25
508 25
406 32
467 29
290 37
344 34
221 27
185 34
312 41
263 43
273 37
470 44
539 14
450 40
506 17
480 46
481 52
534 43
328 47
493 44
227 42
349 13
156 21
438 10
241 58
189 57
378 41
220 21
486 31
480 24
335 56
489 59
228 54
458 26
422 20
433 31
439 59
395 12
588 50
393 55
474 19
281 37
203 45
379 37
170 21
392 13
584 20
240 17
286 60
368 49
153 24
408 56
360 44
333 30
560 57
352 21
567 11
563 54
510 36
532 14
216 17
416 17
409 52
585 26
312 57
310 58
498 33
195 51
242 54
461 17
425 56
298 50
243 28
348 24
419 18
448 19
552 15
184 20
301 49
325 52
555 17
227 59
290 51
499 25
488 42
257 51
425 11
187 55
523 19
152 57
396 54
544 49
301 59
251 13
165 53
322 52
206 17
515 41
263 36
576 29
265 29
270 11
261 19
530 28
362 50
507 50
276 37
386 17
361 50
168 20
410 25
305 10
406 16
597 37
496 49
502 22
157 25
445 60
253 29
300 18
415 48
295 35
260 48
351 43
510 21
525 27
544 40
241 56
481 30
167 30
280 47
353 39
335 54
252 47
282 48
433 23
438 56
487 54
363 25
558 55
206 44
417 57
511 15
370 48
328 28
446 40
365 36
429 39
241 37
298 24
162 22
390 35
407 27
593 11
563 44
289 34
477 24
307 20
291 55
539 28
291 30
354 47
491 19
548 59
585 45
264 14
557 23
533 30
533 58
311 58
223 24
494 32
482 38
199 53
581 21
359 12
588 26
486 32
270 32
184 14
208 13
343 16
191 39
595 22
505 35
190 31
175 56
394 45
446 48
244 54
337 44
416 16
468 15
473 22
475 30
455 60
256 20
212 27
416 26
470 33
520 47
448 45
376 12
479 54
499 29
206 57
548 56
484 31
447 14
479 11
194 19
518 49
436 34
565 16
581 31
181 35
306 19
471 31
326 11
415 22
299 50
368 16
498 36
564 15
389 16
187 58
197 57
487 37
413 14
275 39
575 19
412 20
508 43
447 45
393 23
540 54
209 47
347 16
349 10
479 36
284 24
544 14
207 57
217 56
325 10
387 59
397 14
590 19
593 49
174 50
418 14
320 42
566 17
196 42
443 41
437 58
283 15
210 39
202 12
289 55
482 43
214 17
476 39
519 57
475 14
575 58
267 44
534 15
224 11
466 19
306 52
598 44
345 44
509 24
520 47
315 56
291 29
312 34
313 50
579 32
405 40
177 50
390 52
395 19
385 28
485 41
524 58
203 10
167 28
594 23
573 35
600 57
593 29
482 31
323 23
274 35
551 17
406 45
478 18
600 25
286 47
595 19
288 42
397 16
402 50
372 10
260 20
311 59
499 32
502 24
463 48
546 59
555 25
536 30
274 22
192 49
428 41
266 40
390 19
500 53
355 58
157 16
439 47
219 51
452 44
337 37
244 51
494 29
236 59
598 57
556 47
480 16
338 50
397 14
192 45
321 56
195 11
372 42
324 33
434 11
548 23
176 52
276 22
296 43
381 27
404 40
491 50
166 52
218 16
308 55
296 22
234 23
349 26
344 26
213 39
298 32
347 21
257 40
325 25
293 57
565 23
321 39
513 28
528 24
269 47
398 58
212 35
296 13
596 31
292 15
439 13
268 45
570 28
461 21
325 15
581 39
594 38
218 30
340 10
585 26
548 22
238 25
171 21
398 11
595 19
227 54
555 22
171 16
453 54
177 53
307 49
377 55
275 27
254 52
527 52
459 17
571 21
190 30
191 13
427 10
360 11
490 60
502 34
249 39
417 41
590 51
308 47
157 19
591 27
534 21
282 26
504 32
337 46
429 38
420 51
344 23
322 22
444 41
288 56
385 55
217 55
183 26
329 42
555 55
275 22
353 51
363 29
167 42
250 25
226 12
393 40
150 18
309 36
371 46
254 43
197 17
162 49
417 55
272 59
371 53
507 52
218 31
156 33
258 30
203 35
560 47
175 20
588 44
277 34
205 25
380 15
556 49
271 15
206 40
153 38
268 26
162 10
590 56
209 55
463 14
254 26
492 51
300 33
371 32
265 32
490 14
332 28
205 32
591 13
226 11
317 31
589 21
564 30
252 41
354 38
591 32
387 50
520 23
482 14
199 22
243 59
391 18
245 42
552 34
424 36
524 24
499 18
190 28
239 21
293 19
415 29
466 10
531 31
371 38
521 39
