50 300 900
506 34
373 40
268 28
595 57
420 26
423 29
289 14
170 10
468 36
404 41
288 23
503 16
154 58
270 13
440 11
437 33
273 57
588 51
185 24
424 36
339 17
294 57
402 43
352 32
204 46
247 60
393 39
558 43
557 23
205 52
443 20
220 12
310 41
533 18
150 54
435 16
410 32
514 31
381 23
236 42
526 34
326 41
332 15
187 59
530 43
321 15
419 30
548 53
173 23
440 55
227 42
524 29
459 39
326 52
546 57
211 56
270 30
484 41
359 33
195 34
198 18
455 33
350 35
523 60
391 28
493 60
522 34
400 37
338 20
380 21
333 28
537 18
466 39
304 49
515 30
350 30
218 27
579 20
545 20
298 53
367 52
541 37
189 49
344 20
416 38
256 16
480 40
232 38
334 33
389 13
394 26
597 12
195 22
190 40
165 29
357 54
232 49
417 16
451 18
487 14
357 56
217 30
157 41
237 49
161 60
372 35
303 45
206 19
318 50
442 22
219 19
522 55
243 23
377 53
189 13
466 28
463 15
276 48
273 54
158 39
481 13
331 59
538 33
453 45
441 44
201 24
446 22
212 28
299 17
403 22
221 45
178 52
595 38
554 20
486 37
175 19
487 57
199 18
546 37
309 12
211 39
582 30
327 18
587 18
282 59
333 11
587 23
505 14
500 38
510 55
207 38
316 25
537 59
167 19
162 56
186 55
439 26
221 52
575 25
372 50
228 23
324 29
426 23
587 52
265 38
203 35
208 45
531 43
371 57
301 24
262 40
470 59
310 45
336 14
394 46
326 35
468 45
525 38
363 25
371 31
593 44
292 21
357 27
487 16
508 21
295 60
469 22
495 53
307 51
468 48
226 31
510 27
326 45
285 23
299 42
210 21
280 36
360 58
448 58
156 37
390 51
568 43
297 53
173 39
206 13
551 14
293 47
343 45
163 26
407 55
549 41
352 17
282 36
574 38
388 41
286 57
222 18
179 24
223 55
438 16
357 57
254 33
404 28
292 31
464 33
464 39
563 51
309 38
414 18
438 29
506 38
246 37
522 46
551 13
392 23
249 46
348 51
409 42
460 10
284 45
242 14
481 41
243 43
286 22
466 16
164 31
550 50
174 20
321 23
501 37
444 42
198 52
174 40
321 18
577 14
317 27
175 28
540 58
191 13
407 12
416 48
398 36
512 20
228 46
572 19
250 59
332 57
200 30
549 13
483 36
287 20
507 24
347 27
311 48
332 41
387 34
593 43
485 33
405 33
550 37
251 56
469 46
384 10
167 50
374 56
252 17
542 24
490 10
207 44
489 35
514 48
416 27
500 37
467 32
557 27
222 30
590 51
599 27
565 30
582 51
310 43
532 42
216 55
526 47
403 27
201 59
506 42
351 16
228 52
453 57
229 53
499 39
367 35
181 56
289 31
509 36
297 34
564 18
538 24
309 34
479 28
516 60
372 35
383 12
198 22
341 35
337 19
536 28
403 28
370 38
485 30
466 27
338 35
264 27
185 24
524 13
212 20
446 19
411 56
361 44
570 45
309 52
344 27
206 50
475 58
294 18
544 43
356 60
350 34
543 58
400 52
243 16
304 60
535 37
447 10
499 12
576 53
323 43
408 58
486 50
262 45
291 30
536 33
158 52
399 16
460 13
305 55
268 20
598 35
506 56
164 47
561 54
397 17
544 10
437 39
314 40
282 35
232 36
413 48
266 13
360 29
535 23
483 46
384 41
285 49
565 52
396 27
324 30
565 20
392 39
205 17
545 45
289 52
222 27
242 11
478 53
543 28
292 51
548 38
388 49
540 23
296 56
537 45
382 33
424 33
216 44
422 44
240 35
245 22
573 29
599 53
234 24
261 18
561 16
272 29
210 60
188 45
447 24
331 42
369 24
321 45
513 19
259 24
337 57
538 60
482 16
428 13
420 22
581 35
421 14
576 23
256 13
265 32
236 24
194 20
323 59
160 20
577 21
382 12
173 18
532 55
447 14
493 43
372 22
416 39
315 39
543 29
316 54
553 46
259 16
456 59
209 20
152 18
353 42
164 53
425 41
354 16
365 30
414 26
208 15
314 13
433 30
293 26
494 57
233 43
387 32
529 21
599 26
312 20
476 58
565 19
480 30
258 23
358 49
594 12
594 29
417 24
197 18
202 35
165 56
284 13
219 34
531 54
302 59
297 60
453 10
572 56
306 55
550 32
533 15
542 54
155 23
462 25
228 37
327 33
316 56
541 40
366 32
464 46
314 14
437 50
474 30
224 32
227 57
570 16
517 35
570 25
324 11
457 33
370 18
253 21
435 46
376 35
195 19
254 54
167 13
316 28
387 55
230 51
555 33
369 56
208 46
414 49
576 36
172 23
200 21
594 46
433 22
238 44
471 12
454 44
257 16
335 33
238 14
173 54
471 18
352 43
270 20
319 12
167 39
389 30
449 33
584 59
326 34
168 34
259 30
494 33
352 30
253 24
447 37
549 12
186 46
336 25
594 27
286 38
330 44
376 40
212 30
325 19
420 26
469 44
560 25
223 14
566 49
358 17
160 54
287 40
298 48
395 19
422 57
272 38
530 14
249 43
542 26
410 23
259 48
154 57
483 30
452 53
435 18
253 55
466 33
216 12
475 14
295 51
334 55
517 58
540 22
330 39
437 52
437 13
435 39
187 24
427 21
367 29
341 54
472 35
485 57
245 16
296 48
177 45
412 13
377 32
151 23
455 58
493 58
335 23
588 27
300 34
236 31
163 13
519 26
244 29
171 16
217 26
520 48
448 14
317 28
215 11
432 29
210 17
174 11
420 14
527 16
496 49
152 44
383 20
165 23
454 49
558 37
587 13
191 49
196 54
217 50
536 37
481 55
507 53
179 14
257 47
304 10
276 41
399 29
367 27
354 25
267 16
190 49
552 13
396 43
171 17
444 28
454 36
300 55
319 15
373 48
310 31
249 14
504 33
336 14
424 55
267 16
256 60
502 44
556 34
394 25
278 38
387 43
557 20
343 15
489 21
446 26
264 50
226 32
213 32
220 58
524 46
185 24
302 11
419 20
535 15
333 55
517 18
171 60
268 14
254 39
534 23
523 18
275 41
421 49
405 19
280 56
487 36
297 18
323 49
212 39
452 19
427 57
445 54
439 41
447 12
569 25
489 39
328 24
483 15
516 55
400 18
410 33
288 20
494 18
236 43
401 46
292 36
258 41
357 28
451 24
534 57
500 15
579 53
423 18
489 10
438 49
273 30
531 17
179 34
223 16
173 16
226 32
416 25
365 15
330 38
456 35
189 45
494 17
500 12
543 55
280 52
561 41
190 13
565 57
275 35
360 35
363 15
163 13
498 33
379 19
241 51
464 42
152 38
401 40
276 39
519 50
306 47
501 30
442 24
266 34
357 26
442 60
339 10
314 38
442 59
591 15
338 19
540 35
263 27
152 38
385 31
206 45
378 34
340 38
208 43
591 50
322 45
274 29
365 52
440 19
511 45
338 42
380 50
283 47
520 11
177 19
355 37
320 39
323 30
178 13
378 22
462 22
163 19
169 35
476 48
376 11
153 32
409 24
228 25
334 19
595 49
307 55
319 34
399 45
581 15
259 16
247 10
538 23
339 59
364 36
187 59
346 42
519 37
555 31
600 38
500 46
475 37
191 12
551 42
542 29
351 39
561 18
308 16
472 26
533 32
420 58
192 26
383 30
358 18
262 47
336 14
153 27
471 12
269 11
561 20
227 12
226 16
508 44
283 41
283 37
473 20
477 21
526 55
293 32
327 36
333 33
176 37
526 38
556 34
191 21
418 46
179 42
223 22
351 34
373 58
210 60
433 32
206 20
493 16
227 52
156 20
368 48
357 37
259 14
517 48
174 46
194 47
444 59
313 40
366 44
489 27
445 27
536 54
585 17
388 35
540 13
424 44
567 27
493 58
473 25
201 22
444 31
567 46
210 40
181 26
463 58
371 28
445 52
351 36
436 60
409 54
409 59
217 52
568 44
468 59
463 24
557 39
472 41
368 14
506 12
228 11
566 31
365 39
173 18
527 48
284 38
